# Exported from Wings 3D 2.1.5
mtllib grass.mtl
o grass_sep2
#40 vertices, 60 faces
v -6.69913374 -3.61670515 28.50006030
v -28.85385696 3.63022811 12.98715609
v -28.85682513 3.61670515 12.98507775
v -6.70210191 -3.63022811 28.49798197
v 9.36100648 -3.61670515 5.56380306
v -12.79371675 3.63022811 -9.94910115
v -12.79668492 3.61670515 -9.95117949
v 9.35803831 -3.63022811 5.56172472
v -9.79189725 -4.29454519 20.88454158
v -3.16331803 15.50444468 39.54095971
v -3.16000375 15.49454519 39.55028792
v -9.78858296 -4.30444468 20.89386979
v 16.59226231 -4.29454519 11.51031496
v 23.22084152 15.50444468 30.16673309
v 23.22415581 15.49454519 30.17606130
v 16.59557659 -4.30444468 11.51964317
v -14.00000000 -3.89261103 15.28238930
v -14.00000000 23.49552179 21.10391664
v -14.00000000 23.49261103 21.11761070
v -14.00000000 -3.89552179 15.29608336
v 14.00000000 -3.89261103 15.28238930
v 14.00000000 23.49552179 21.10391664
v 14.00000000 23.49261103 21.11761070
v 14.00000000 -3.89552179 15.29608336
v -7.36032263 -3.89261103 28.03709085
v -12.12903865 23.49552179 24.69799995
v -12.14025618 23.49261103 24.69014535
v -7.37154015 -3.89552179 28.02923626
v 8.69981759 -3.89261103 5.10083361
v 3.93110157 23.49552179 1.76174271
v 3.91988404 23.49261103 1.75388811
v 8.68860007 -3.89552179 5.09297902
v -14.00000000 -4.29454519 16.90444468
v -14.00000000 15.50444468 -2.89454519
v -14.00000000 15.49454519 -2.90444468
v -14.00000000 -4.30444468 16.89454519
v 14.00000000 -4.29454519 16.90444468
v 14.00000000 15.50444468 -2.89454519
v 14.00000000 15.49454519 -2.90444468
v 14.00000000 -4.30444468 16.89454519
vt 0.0000000e+0 0.0000000e+0
vt 0.0000000e+0 1.00000000
vt 1.00000000 0.0000000e+0
vt 1.00000000 1.00000000
vn -0.57357644 -8.7807100e-14 0.81915204
vn 0.79124012 -0.25881905 0.55403229
vn 0.21201215 0.96592583 0.14845251
vn -0.57357644 -8.7807100e-14 0.81915204
vn 0.79124012 -0.25881905 0.55403229
vn 0.21201215 0.96592583 0.14845251
vn -0.57357644 -2.9001744e-13 0.81915204
vn -0.79124012 0.25881905 -0.55403229
vn 0.21201215 0.96592583 0.14845251
vn -0.57357644 -8.7807100e-14 0.81915204
vn -0.21201215 -0.96592583 -0.14845251
vn -0.79124012 0.25881905 -0.55403229
vn -0.57357644 -8.7807100e-14 0.81915204
vn -0.21201215 -0.96592583 -0.14845251
vn -0.79124012 0.25881905 -0.55403229
vn -0.57357644 1.1440324e-13 0.81915204
vn -0.21201215 -0.96592583 -0.14845251
vn 0.79124012 -0.25881905 0.55403229
vn 0.79124012 -0.25881905 0.55403229
vn 0.21201215 0.96592583 0.14845251
vn 0.57357644 -1.8126090e-14 -0.81915204
vn -0.79124012 0.25881905 -0.55403229
vn 0.57357644 -4.6881787e-14 -0.81915204
vn 0.21201215 0.96592583 0.14845251
vn 0.57357644 -4.6881787e-14 -0.81915204
vn -0.79124012 0.25881905 -0.55403229
vn 0.21201215 0.96592583 0.14845251
vn -0.21201215 -0.96592583 -0.14845251
vn -0.79124012 0.25881905 -0.55403229
vn 0.57357644 -7.5637484e-14 -0.81915204
vn -0.21201215 -0.96592583 -0.14845251
vn 0.79124012 -0.25881905 0.55403229
vn 0.57357644 -4.6881787e-14 -0.81915204
vn -0.21201215 -0.96592583 -0.14845251
vn 0.57357644 -4.6881787e-14 -0.81915204
vn 0.79124012 -0.25881905 0.55403229
vn -0.94229141 0.0000000e+0 0.33479381
vn -0.23673497 -0.70710678 -0.66630065
vn -0.23673497 0.70710678 -0.66630065
vn -0.94229141 3.8057709e-16 0.33479381
vn 0.23673497 0.70710678 0.66630065
vn -0.23673497 0.70710678 -0.66630065
vn -0.94229141 3.8057709e-16 0.33479381
vn 0.23673497 0.70710678 0.66630065
vn -0.23673497 0.70710678 -0.66630065
vn -0.94229141 7.6115418e-16 0.33479381
vn 0.23673497 -0.70710678 0.66630065
vn 0.23673497 0.70710678 0.66630065
vn -0.94229141 3.8057709e-16 0.33479381
vn 0.23673497 -0.70710678 0.66630065
vn -0.23673497 -0.70710678 -0.66630065
vn -0.94229141 3.8057709e-16 0.33479381
vn 0.23673497 -0.70710678 0.66630065
vn -0.23673497 -0.70710678 -0.66630065
vn -0.23673497 -0.70710678 -0.66630065
vn 0.94229141 2.1807952e-14 -0.33479381
vn -0.23673497 0.70710678 -0.66630065
vn 0.94229141 2.1807952e-14 -0.33479381
vn -0.23673497 -0.70710678 -0.66630065
vn -0.23673497 0.70710678 -0.66630065
vn 0.23673497 0.70710678 0.66630065
vn -0.23673497 0.70710678 -0.66630065
vn 0.94229141 -2.9001744e-13 -0.33479381
vn 0.23673497 -0.70710678 0.66630065
vn 0.23673497 0.70710678 0.66630065
vn 0.94229141 2.1807952e-14 -0.33479381
vn 0.23673497 -0.70710678 0.66630065
vn 0.94229141 2.1807952e-14 -0.33479381
vn 0.23673497 0.70710678 0.66630065
vn 0.23673497 -0.70710678 0.66630065
vn -0.23673497 -0.70710678 -0.66630065
vn 0.94229141 3.3363335e-13 -0.33479381
vn -1.00000000 0.0000000e+0 0.0000000e+0
vn 1.0620756e-16 -0.97814760 -0.20791169
vn 0.0000000e+0 0.20791169 -0.97814760
vn -1.00000000 0.0000000e+0 0.0000000e+0
vn -1.2390882e-16 0.97814760 0.20791169
vn -1.4500872e-16 0.20791169 -0.97814760
vn -1.00000000 0.0000000e+0 0.0000000e+0
vn -1.2390882e-16 0.97814760 0.20791169
vn -1.4500872e-16 0.20791169 -0.97814760
vn -1.00000000 0.0000000e+0 0.0000000e+0
vn 0.0000000e+0 -0.20791169 0.97814760
vn -3.1862268e-16 0.97814760 0.20791169
vn -1.00000000 0.0000000e+0 0.0000000e+0
vn -2.5992955e-17 -0.20791169 0.97814760
vn 8.5815805e-17 -0.97814760 -0.20791169
vn -1.00000000 0.0000000e+0 0.0000000e+0
vn -2.5992955e-17 -0.20791169 0.97814760
vn 8.5815805e-17 -0.97814760 -0.20791169
vn 8.5815805e-17 -0.97814760 -0.20791169
vn 1.00000000 -9.0630451e-15 0.0000000e+0
vn -1.4500872e-16 0.20791169 -0.97814760
vn 1.00000000 -9.0630451e-15 0.0000000e+0
vn 8.5815805e-17 -0.97814760 -0.20791169
vn -1.4500872e-16 0.20791169 -0.97814760
vn 7.0805040e-17 0.97814760 0.20791169
vn -2.9001744e-16 0.20791169 -0.97814760
vn 1.00000000 0.0000000e+0 0.0000000e+0
vn -2.5992955e-17 -0.20791169 0.97814760
vn -1.2390882e-16 0.97814760 0.20791169
vn 1.00000000 -9.0630451e-15 0.0000000e+0
vn -2.5992955e-17 -0.20791169 0.97814760
vn 1.00000000 -9.0630451e-15 0.0000000e+0
vn -1.2390882e-16 0.97814760 0.20791169
vn -5.1985910e-17 -0.20791169 0.97814760
vn 6.5424050e-17 -0.97814760 -0.20791169
vn 1.00000000 -1.8126090e-14 0.0000000e+0
vn -0.57357644 2.8233510e-14 0.81915204
vn 0.17031129 -0.97814760 0.11925325
vn 0.80125161 0.20791169 0.56104242
vn -0.57357644 2.8233510e-14 0.81915204
vn 0.17031129 -0.97814760 0.11925325
vn 0.80125161 0.20791169 0.56104242
vn -0.57357644 3.6252180e-14 0.81915204
vn -0.17031129 0.97814760 -0.11925325
vn 0.80125161 0.20791169 0.56104242
vn -0.57357644 2.8233510e-14 0.81915204
vn -0.80125161 -0.20791169 -0.56104242
vn -0.17031129 0.97814760 -0.11925325
vn -0.57357644 2.8233510e-14 0.81915204
vn -0.80125161 -0.20791169 -0.56104242
vn -0.17031129 0.97814760 -0.11925325
vn -0.57357644 2.0214839e-14 0.81915204
vn -0.80125161 -0.20791169 -0.56104242
vn 0.17031129 -0.97814760 0.11925325
vn 0.17031129 -0.97814760 0.11925325
vn 0.80125161 0.20791169 0.56104242
vn 0.57357644 0.0000000e+0 -0.81915204
vn -0.17031129 0.97814760 -0.11925325
vn 0.57357644 3.0977205e-16 -0.81915204
vn 0.80125161 0.20791169 0.56104242
vn 0.57357644 3.0977205e-16 -0.81915204
vn -0.17031129 0.97814760 -0.11925325
vn 0.80125161 0.20791169 0.56104242
vn -0.80125161 -0.20791169 -0.56104242
vn -0.17031129 0.97814760 -0.11925325
vn 0.57357644 6.1954410e-16 -0.81915204
vn -0.80125161 -0.20791169 -0.56104242
vn 0.17031129 -0.97814760 0.11925325
vn 0.57357644 3.0977205e-16 -0.81915204
vn -0.80125161 -0.20791169 -0.56104242
vn 0.57357644 3.0977205e-16 -0.81915204
vn 0.17031129 -0.97814760 0.11925325
vn -1.00000000 -1.8126090e-13 0.0000000e+0
vn 6.2624210e-17 -0.70710678 0.70710678
vn -3.8301436e-17 0.70710678 0.70710678
vn -1.00000000 -1.8126090e-13 0.0000000e+0
vn 6.2624210e-17 -0.70710678 0.70710678
vn -3.8301436e-17 0.70710678 0.70710678
vn -1.00000000 -2.9001744e-13 0.0000000e+0
vn -8.8506300e-17 0.70710678 -0.70710678
vn -7.2504361e-17 0.70710678 0.70710678
vn -1.00000000 -1.8126090e-13 0.0000000e+0
vn 4.9413737e-17 -0.70710678 -0.70710678
vn -8.9845900e-17 0.70710678 -0.70710678
vn -1.00000000 -1.8126090e-13 0.0000000e+0
vn 4.9413737e-17 -0.70710678 -0.70710678
vn -8.9845900e-17 0.70710678 -0.70710678
vn -1.00000000 -7.2504361e-14 0.0000000e+0
vn 7.2504361e-17 -0.70710678 -0.70710678
vn 1.4161008e-16 -0.70710678 0.70710678
vn -1.6361660e-17 -0.70710678 0.70710678
vn -4.0985115e-18 0.70710678 0.70710678
vn 1.00000000 0.0000000e+0 0.0000000e+0
vn -8.9845900e-17 0.70710678 -0.70710678
vn 1.00000000 -8.1567406e-14 0.0000000e+0
vn -3.8301436e-17 0.70710678 0.70710678
vn 1.00000000 -8.1567406e-14 0.0000000e+0
vn -8.9845900e-17 0.70710678 -0.70710678
vn -3.8301436e-17 0.70710678 0.70710678
vn 2.6323113e-17 -0.70710678 -0.70710678
vn -9.1185501e-17 0.70710678 -0.70710678
vn 1.00000000 -1.6313481e-13 0.0000000e+0
vn 4.9413737e-17 -0.70710678 -0.70710678
vn 6.2624210e-17 -0.70710678 0.70710678
vn 1.00000000 -8.1567406e-14 0.0000000e+0
vn 4.9413737e-17 -0.70710678 -0.70710678
vn 1.00000000 -8.1567406e-14 0.0000000e+0
vn 6.2624210e-17 -0.70710678 0.70710678
g grass_sep2_default
usemtl default
s 1
f 1//1 3//10 4//16
f 2//7 3//13 1//4
f 5//21 8//35 6//25
f 6//23 8//33 7//30
f 9//37 12//52 10//43
f 10//40 12//49 11//46
f 13//56 15//66 16//72
f 14//63 15//68 13//58
f 17//73 20//88 18//79
f 18//76 20//85 19//82
f 21//92 23//102 24//108
f 22//99 23//104 21//94
f 25//109 27//118 28//124
f 26//115 27//121 25//112
f 29//129 32//143 30//133
f 30//131 32//141 31//138
s 2
f 1//2 8//32 5//19
f 2//8 6//26 3//15
f 3//12 6//22 7//29
f 4//18 8//36 1//5
f 33//145 35//154 36//160
f 34//151 35//157 33//148
f 37//165 40//179 38//169
f 38//167 40//177 39//174
s 3
f 9//38 13//59 12//54
f 10//41 15//65 14//61
f 11//48 15//69 10//44
f 12//51 13//55 16//71
f 17//74 21//95 20//90
f 18//77 23//101 22//97
f 19//84 23//105 18//80
f 20//87 21//91 24//107
f 25//110 32//140 29//127
f 26//116 30//134 27//123
f 27//120 30//130 31//137
f 28//126 32//144 25//113
f 33//146 40//176 37//163
f 34//152 38//170 35//159
f 35//156 38//166 39//173
f 36//162 40//180 33//149
g grass_sep2_image
usemtl image
s 1
f 33/1/150 38/4/171 34/2/153
f 35/2/158 40/3/178 36/1/161
f 37/3/164 38/4/168 33/1/147
f 39/4/172 40/3/175 35/2/155
s 2
f 10/2/45 13/3/60 9/1/39
f 12/1/53 15/4/67 11/2/47
f 14/4/62 13/3/57 10/2/42
f 16/3/70 15/4/64 12/1/50
f 18/2/81 21/3/96 17/1/75
f 20/1/89 23/4/103 19/2/83
f 22/4/98 21/3/93 18/2/78
f 24/3/106 23/4/100 20/1/86
f 25/1/114 30/4/135 26/2/117
f 27/2/122 32/3/142 28/1/125
f 29/3/128 30/4/132 25/1/111
f 31/4/136 32/3/139 27/2/119
s 3
f 1/1/6 6/4/27 2/2/9
f 3/2/14 8/3/34 4/1/17
f 5/3/20 6/4/24 1/1/3
f 7/4/28 8/3/31 3/2/11
o grass
#24 vertices, 36 faces
v -9.36100648 -3.61670515 26.63619694
v 12.79371675 3.63022811 42.14910115
v 12.79668492 3.61670515 42.15117949
v -9.35803831 -3.63022811 26.63827528
v 6.69913374 -3.61670515 3.69993970
v 28.85385696 3.63022811 19.21284391
v 28.85682513 3.61670515 19.21492225
v 6.70210191 -3.63022811 3.70201803
v -13.87165423 -3.61670515 7.78876758
v -3.97686043 3.63022811 -17.38214845
v -3.97553477 3.61670515 -17.38552072
v -13.87032858 -3.63022811 7.78539532
v 12.18719557 -3.61670515 18.03261192
v 22.08198938 3.63022811 -7.13830412
v 22.08331503 3.61670515 -7.14167638
v 12.18852123 -3.63022811 18.02923965
v -11.54735522 -3.61670515 5.99200504
v -31.95917252 3.63022811 23.73572711
v -31.96190719 3.61670515 23.73810432
v -11.55008989 -3.63022811 5.99438225
v 6.82229759 -3.61670515 27.12387328
v -13.58951971 3.63022811 44.86759535
v -13.59225438 3.61670515 44.86997256
v 6.81956292 -3.63022811 27.12625049
vt 0.0000000e+0 0.0000000e+0
vt 0.0000000e+0 1.00000000
vt 1.00000000 0.0000000e+0
vt 1.00000000 1.00000000
vn -0.57357644 7.2504361e-14 0.81915204
vn -0.79124012 -0.25881905 -0.55403229
vn -0.21201215 0.96592583 -0.14845251
vn -0.57357644 -1.3217531e-13 0.81915204
vn 0.79124012 0.25881905 0.55403229
vn -0.21201215 0.96592583 -0.14845251
vn -0.57357644 -1.3217531e-13 0.81915204
vn 0.79124012 0.25881905 0.55403229
vn -0.21201215 0.96592583 -0.14845251
vn -0.57357644 -3.3685498e-13 0.81915204
vn 0.21201215 -0.96592583 0.14845251
vn 0.79124012 0.25881905 0.55403229
vn -0.57357644 -1.3217531e-13 0.81915204
vn 0.21201215 -0.96592583 0.14845251
vn -0.79124012 -0.25881905 -0.55403229
vn -0.57357644 -1.3217531e-13 0.81915204
vn 0.21201215 -0.96592583 0.14845251
vn -0.79124012 -0.25881905 -0.55403229
vn -0.79124012 -0.25881905 -0.55403229
vn 0.57357644 2.1724756e-13 -0.81915204
vn -0.21201215 0.96592583 -0.14845251
vn 0.57357644 2.1724756e-13 -0.81915204
vn -0.79124012 -0.25881905 -0.55403229
vn -0.21201215 0.96592583 -0.14845251
vn 0.79124012 0.25881905 0.55403229
vn -0.21201215 0.96592583 -0.14845251
vn 0.57357644 2.9001744e-13 -0.81915204
vn 0.21201215 -0.96592583 0.14845251
vn 0.79124012 0.25881905 0.55403229
vn 0.57357644 2.1724756e-13 -0.81915204
vn 0.21201215 -0.96592583 0.14845251
vn 0.57357644 2.1724756e-13 -0.81915204
vn 0.79124012 0.25881905 0.55403229
vn 0.21201215 -0.96592583 0.14845251
vn -0.79124012 -0.25881905 -0.55403229
vn 0.57357644 1.4447768e-13 -0.81915204
vn -0.93067321 -1.4130916e-13 -0.36585158
vn -0.35338549 -0.25881905 0.89896129
vn -9.4689357e-2 0.96592583 0.24087595
vn -0.93067321 -1.4130916e-13 -0.36585158
vn -0.35338549 -0.25881905 0.89896129
vn -9.4689357e-2 0.96592583 0.24087595
vn -0.93067321 0.0000000e+0 -0.36585158
vn 0.35338549 0.25881905 -0.89896129
vn -9.4689357e-2 0.96592583 0.24087595
vn -0.93067321 -1.4130916e-13 -0.36585158
vn 9.4689357e-2 -0.96592583 -0.24087595
vn 0.35338549 0.25881905 -0.89896129
vn -0.93067321 -1.4130916e-13 -0.36585158
vn 9.4689357e-2 -0.96592583 -0.24087595
vn 0.35338549 0.25881905 -0.89896129
vn -0.93067321 -2.8261832e-13 -0.36585158
vn 9.4689357e-2 -0.96592583 -0.24087595
vn -0.35338549 -0.25881905 0.89896129
vn -0.35338549 -0.25881905 0.89896129
vn -9.4689357e-2 0.96592583 0.24087595
vn 0.93067321 0.0000000e+0 0.36585158
vn 0.35338549 0.25881905 -0.89896129
vn 0.93067321 1.6246216e-13 0.36585158
vn -9.4689357e-2 0.96592583 0.24087595
vn 0.93067321 1.6246216e-13 0.36585158
vn 0.35338549 0.25881905 -0.89896129
vn -9.4689357e-2 0.96592583 0.24087595
vn 9.4689357e-2 -0.96592583 -0.24087595
vn 0.35338549 0.25881905 -0.89896129
vn 0.93067321 3.2492433e-13 0.36585158
vn 9.4689357e-2 -0.96592583 -0.24087595
vn -0.35338549 -0.25881905 0.89896129
vn 0.93067321 1.6246216e-13 0.36585158
vn 9.4689357e-2 -0.96592583 -0.24087595
vn 0.93067321 1.6246216e-13 0.36585158
vn -0.35338549 -0.25881905 0.89896129
vn -0.65605903 0.0000000e+0 -0.75470958
vn 0.72899347 -0.25881905 -0.63370436
vn 0.19533321 0.96592583 -0.16980057
vn -0.65605903 -1.9258971e-14 -0.75470958
vn -0.72899347 0.25881905 0.63370436
vn 0.19533321 0.96592583 -0.16980057
vn -0.65605903 -1.9258971e-14 -0.75470958
vn -0.72899347 0.25881905 0.63370436
vn 0.19533321 0.96592583 -0.16980057
vn -0.65605903 -3.8517942e-14 -0.75470958
vn -0.19533321 -0.96592583 0.16980057
vn -0.72899347 0.25881905 0.63370436
vn -0.65605903 -1.9258971e-14 -0.75470958
vn -0.19533321 -0.96592583 0.16980057
vn 0.72899347 -0.25881905 -0.63370436
vn -0.65605903 -1.9258971e-14 -0.75470958
vn -0.19533321 -0.96592583 0.16980057
vn 0.72899347 -0.25881905 -0.63370436
vn 0.72899347 -0.25881905 -0.63370436
vn 0.65605903 1.0514548e-13 0.75470958
vn 0.19533321 0.96592583 -0.16980057
vn 0.65605903 1.0514548e-13 0.75470958
vn 0.72899347 -0.25881905 -0.63370436
vn 0.19533321 0.96592583 -0.16980057
vn -0.72899347 0.25881905 0.63370436
vn 0.19533321 0.96592583 -0.16980057
vn 0.65605903 1.8126090e-13 0.75470958
vn -0.19533321 -0.96592583 0.16980057
vn -0.72899347 0.25881905 0.63370436
vn 0.65605903 1.0514548e-13 0.75470958
vn -0.19533321 -0.96592583 0.16980057
vn 0.65605903 1.0514548e-13 0.75470958
vn -0.72899347 0.25881905 0.63370436
vn -0.19533321 -0.96592583 0.16980057
vn 0.72899347 -0.25881905 -0.63370436
vn 0.65605903 2.9030066e-14 0.75470958
g grass_default
usemtl default
s 1
f 41//181 44//196 42//187
f 42//184 44//193 43//190
f 45//200 47//210 48//216
f 46//207 47//212 45//202
f 49//218 56//248 53//235
f 50//224 54//242 51//231
f 51//228 54//238 55//245
f 52//234 56//252 49//221
s 2
f 41//182 45//203 44//198
f 42//185 47//209 46//205
f 43//192 47//213 42//188
f 44//195 45//199 48//215
f 49//217 51//226 52//232
f 50//223 51//229 49//220
f 53//237 56//251 54//241
f 54//239 56//249 55//246
f 57//253 60//268 58//259
f 58//256 60//265 59//262
f 61//272 63//282 64//288
f 62//279 63//284 61//274
s 3
f 57//254 61//275 60//270
f 58//257 63//281 62//277
f 59//264 63//285 58//260
f 60//267 61//271 64//287
g grass_image
usemtl image
s 1
f 58/6/261 61/7/276 57/5/255
f 60/5/269 63/8/283 59/6/263
f 62/8/278 61/7/273 58/6/258
f 64/7/286 63/8/280 60/5/266
s 3
f 42/6/189 45/7/204 41/5/183
f 44/5/197 47/8/211 43/6/191
f 46/8/206 45/7/201 42/6/186
f 48/7/214 47/8/208 44/5/194
f 49/5/222 54/8/243 50/6/225
f 51/6/230 56/7/250 52/5/233
f 53/7/236 54/8/240 49/5/219
f 55/8/244 56/7/247 51/6/227
