# Exported from Wings 3D 2.1.5
mtllib grass.mtl
o grass
#24 vertices, 36 faces
v -4.27064036 -1.11789611 -4.26453122
v -4.27064036 12.13091989 -4.26453122
v -4.27170040 12.13091989 -4.26134887
v -4.27170040 -1.11789611 -4.26134887
v 6.13628721 -1.11789611 3.45825670
v 6.13628721 12.13091989 3.45825670
v 6.13522717 12.13091989 3.46143905
v 6.13522717 -1.11789611 3.46143905
v -7.66866620 -0.63296037 -0.45986122
v -7.66866620 23.99415963 -0.45986122
v -7.66866620 23.99415963 -0.45164122
v -7.66866620 -0.63296037 -0.45164122
v 8.77133380 -0.63296037 -0.45986122
v 8.77133380 23.99415963 -0.45986122
v 8.77133380 23.99415963 -0.45164122
v 8.77133380 -0.63296037 -0.45164122
v -3.59764278 0.16937400 3.87853101
v -3.59764278 11.57977503 3.87853101
v -3.59330642 11.57977503 3.88267781
v -3.59330642 0.16937400 3.88267781
v 4.69597401 0.16937400 -4.79418026
v 4.69597401 11.57977503 -4.79418026
v 4.70031037 11.57977503 -4.79003345
v 4.70031037 0.16937400 -4.79003345
vt -9.8888889e-4 3.3333333e-4
vt -9.8888889e-4 1.00033333
vt 0.49720000 3.1111111e-4
vt 0.49720000 0.50031111
vt 0.49844444 0.49671111
vt 0.49844444 0.99671111
vt 0.49901111 3.3333333e-4
vt 0.49901111 1.00033333
vt 0.99720000 3.1111111e-4
vt 0.99720000 0.50031111
vt 0.99844444 0.49671111
vt 0.99844444 0.99671111
vn -0.94874975 0.0000000e+0 -0.31602835
vn 0.0000000e+0 -1.00000000 -9.5608293e-14
vn 0.59592252 0.0000000e+0 -0.80304193
vn -0.94874975 0.0000000e+0 -0.31602835
vn 0.0000000e+0 1.00000000 -4.4144027e-13
vn 0.59592252 0.0000000e+0 -0.80304193
vn -0.94874975 0.0000000e+0 -0.31602835
vn 0.0000000e+0 1.00000000 -4.4144027e-13
vn 0.59592252 0.0000000e+0 -0.80304193
vn -0.94874975 0.0000000e+0 -0.31602835
vn -0.59592252 0.0000000e+0 0.80304193
vn 0.0000000e+0 1.00000000 4.9330771e-13
vn -0.94874975 0.0000000e+0 -0.31602835
vn -0.59592252 0.0000000e+0 0.80304193
vn 0.0000000e+0 -1.00000000 -4.7804147e-14
vn -0.94874975 0.0000000e+0 -0.31602835
vn -0.59592252 0.0000000e+0 0.80304193
vn 0.0000000e+0 -1.00000000 -4.7804147e-14
vn 0.0000000e+0 -1.00000000 -4.7804147e-14
vn 0.94874975 0.0000000e+0 0.31602835
vn 0.59592252 0.0000000e+0 -0.80304193
vn 0.94874975 0.0000000e+0 0.31602835
vn 0.0000000e+0 -1.00000000 -4.7804147e-14
vn 0.59592252 0.0000000e+0 -0.80304193
vn 0.0000000e+0 1.00000000 -1.3761882e-12
vn 0.59592252 0.0000000e+0 -0.80304193
vn 0.94874975 0.0000000e+0 0.31602835
vn -0.59592252 0.0000000e+0 0.80304193
vn 0.0000000e+0 1.00000000 -4.4144027e-13
vn 0.94874975 0.0000000e+0 0.31602835
vn -0.59592252 0.0000000e+0 0.80304193
vn 0.94874975 0.0000000e+0 0.31602835
vn 0.0000000e+0 1.00000000 -4.4144027e-13
vn -0.59592252 0.0000000e+0 0.80304193
vn 0.0000000e+0 -1.00000000 0.0000000e+0
vn 0.94874975 0.0000000e+0 0.31602835
vn -1.00000000 0.0000000e+0 0.0000000e+0
vn 0.0000000e+0 -1.00000000 0.0000000e+0
vn -6.1424667e-17 0.0000000e+0 -1.00000000
vn -1.00000000 0.0000000e+0 0.0000000e+0
vn 0.0000000e+0 1.00000000 0.0000000e+0
vn -5.7037190e-17 0.0000000e+0 -1.00000000
vn -1.00000000 0.0000000e+0 0.0000000e+0
vn 0.0000000e+0 1.00000000 0.0000000e+0
vn -5.7037190e-17 0.0000000e+0 -1.00000000
vn -1.00000000 0.0000000e+0 0.0000000e+0
vn 5.2649714e-17 0.0000000e+0 1.00000000
vn 0.0000000e+0 1.00000000 0.0000000e+0
vn -1.00000000 0.0000000e+0 0.0000000e+0
vn 5.7037190e-17 0.0000000e+0 1.00000000
vn 0.0000000e+0 -1.00000000 0.0000000e+0
vn -1.00000000 0.0000000e+0 0.0000000e+0
vn 5.7037190e-17 0.0000000e+0 1.00000000
vn 0.0000000e+0 -1.00000000 0.0000000e+0
vn 0.0000000e+0 -1.00000000 0.0000000e+0
vn 1.00000000 0.0000000e+0 0.0000000e+0
vn -5.7037190e-17 0.0000000e+0 -1.00000000
vn 1.00000000 0.0000000e+0 0.0000000e+0
vn 0.0000000e+0 -1.00000000 0.0000000e+0
vn -5.7037190e-17 0.0000000e+0 -1.00000000
vn 0.0000000e+0 1.00000000 0.0000000e+0
vn -5.2649714e-17 0.0000000e+0 -1.00000000
vn 1.00000000 0.0000000e+0 0.0000000e+0
vn 5.7037190e-17 0.0000000e+0 1.00000000
vn 0.0000000e+0 1.00000000 0.0000000e+0
vn 1.00000000 0.0000000e+0 0.0000000e+0
vn 5.7037190e-17 0.0000000e+0 1.00000000
vn 1.00000000 0.0000000e+0 0.0000000e+0
vn 0.0000000e+0 1.00000000 0.0000000e+0
vn 6.1424667e-17 0.0000000e+0 1.00000000
vn 0.0000000e+0 -1.00000000 0.0000000e+0
vn 1.00000000 0.0000000e+0 0.0000000e+0
vn -0.69113473 0.0000000e+0 0.72272594
vn 0.0000000e+0 -1.00000000 4.0657581e-15
vn -0.72272594 0.0000000e+0 -0.69113473
vn -0.69113473 0.0000000e+0 0.72272594
vn 0.0000000e+0 1.00000000 -3.4414986e-13
vn -0.72272594 0.0000000e+0 -0.69113473
vn -0.69113473 0.0000000e+0 0.72272594
vn 0.0000000e+0 1.00000000 -3.4414986e-13
vn -0.72272594 0.0000000e+0 -0.69113473
vn -0.69113473 0.0000000e+0 0.72272594
vn 0.72272594 0.0000000e+0 0.69113473
vn 0.0000000e+0 1.00000000 -2.9355376e-13
vn -0.69113473 0.0000000e+0 0.72272594
vn 0.72272594 0.0000000e+0 0.69113473
vn 0.0000000e+0 -1.00000000 2.0328791e-15
vn -0.69113473 0.0000000e+0 0.72272594
vn 0.72272594 0.0000000e+0 0.69113473
vn 0.0000000e+0 -1.00000000 2.0328791e-15
vn 0.0000000e+0 -1.00000000 2.0328791e-15
vn 0.69113473 0.0000000e+0 -0.72272594
vn -0.72272594 0.0000000e+0 -0.69113473
vn 0.69113473 0.0000000e+0 -0.72272594
vn 0.0000000e+0 -1.00000000 2.0328791e-15
vn -0.72272594 0.0000000e+0 -0.69113473
vn 0.0000000e+0 1.00000000 -3.9474596e-13
vn -0.72272594 0.0000000e+0 -0.69113473
vn 0.69113473 0.0000000e+0 -0.72272594
vn 0.72272594 0.0000000e+0 0.69113473
vn 0.0000000e+0 1.00000000 -3.4414986e-13
vn 0.69113473 0.0000000e+0 -0.72272594
vn 0.72272594 0.0000000e+0 0.69113473
vn 0.69113473 0.0000000e+0 -0.72272594
vn 0.0000000e+0 1.00000000 -3.4414986e-13
vn 0.72272594 0.0000000e+0 0.69113473
vn 0.0000000e+0 -1.00000000 0.0000000e+0
vn 0.69113473 0.0000000e+0 -0.72272594
g grass_default
usemtl default
s 1
f 1//1 4//16 2//7
f 2//4 4//13 3//10
f 5//20 7//30 8//36
f 6//27 7//32 5//22
f 9//38 13//59 12//54
f 10//41 15//65 14//61
f 11//48 15//69 10//44
f 12//51 13//55 16//71
s 2
f 1//2 5//23 4//18
f 2//5 7//29 6//25
f 3//12 7//33 2//8
f 4//15 5//19 8//35
f 9//37 12//52 10//43
f 10//40 12//49 11//46
f 13//56 15//66 16//72
f 14//63 15//68 13//58
f 17//73 20//88 18//79
f 18//76 20//85 19//82
f 21//92 23//102 24//108
f 22//99 23//104 21//94
s 3
f 17//74 21//95 20//90
f 18//77 23//101 22//97
f 19//84 23//105 18//80
f 20//87 21//91 24//107
g grass_image
usemtl image
s 1
f 18/4/81 21/9/96 17/3/75
f 20/3/89 23/10/103 19/4/83
f 22/10/98 21/9/93 18/4/78
f 24/9/106 23/10/100 20/3/86
s 3
f 2/6/9 5/11/24 1/5/3
f 4/5/17 7/12/31 3/6/11
f 6/12/26 5/11/21 2/6/6
f 8/11/34 7/12/28 4/5/14
f 10/2/45 13/7/60 9/1/39
f 12/1/53 15/8/67 11/2/47
f 14/8/62 13/7/57 10/2/42
f 16/7/70 15/8/64 12/1/50
