# Exported from Wings 3D 2.1.5
mtllib grass2_low_bigger.mtl
o grass
#64 vertices, 96 faces
v -12.03557976 -4.65004948 34.24653892
v 16.44906439 4.66743614 54.19170148
v 16.45288061 4.65004948 54.19437362
v -12.03176354 -4.66743614 34.24921107
v 8.61317195 -4.65004948 4.75706533
v 37.09781610 4.66743614 24.70222788
v 37.10163232 4.65004948 24.70490003
v 8.61698817 -4.66743614 4.75973747
v -8.61317195 -4.65004948 36.64293467
v -37.09781610 4.66743614 16.69777212
v -37.10163232 4.65004948 16.69509997
v -8.61698817 -4.66743614 36.64026253
v 12.03557976 -4.65004948 7.15346108
v -16.44906439 4.66743614 -12.79170148
v -16.45288061 4.65004948 -12.79437362
v 12.03176354 -4.66743614 7.15078893
v -18.00000000 -5.52155810 21.73428602
v -18.00000000 19.93428602 -3.72155810
v -18.00000000 19.92155810 -3.73428602
v -18.00000000 -5.53428602 21.72155810
v 18.00000000 -5.52155810 21.73428602
v 18.00000000 19.93428602 -3.72155810
v 18.00000000 19.92155810 -3.73428602
v 18.00000000 -5.53428602 21.72155810
v -9.46327195 -5.00478561 36.04768824
v -15.59447827 30.20852802 31.75457136
v -15.60890080 30.20478561 31.74447260
v -9.47769448 -5.00852802 36.03758948
v 11.18547976 -5.00478561 6.55821465
v 5.05427344 30.20852802 2.26509777
v 5.03985091 30.20478561 2.25499900
v 11.17105723 -5.00852802 6.54811588
v -17.83498401 -4.65004948 10.01412974
v -5.11310626 4.66743614 -22.34847658
v -5.11140185 4.65004948 -22.35281235
v -17.83327960 -4.66743614 10.00979398
v 15.66925145 -4.65004948 23.18478675
v 28.39112920 4.66743614 -9.17781958
v 28.39283361 4.65004948 -9.18215534
v 15.67095586 -4.66743614 23.18045098
v -12.58958217 -5.52155810 26.85155346
v -4.06712319 19.93428602 50.83837677
v -4.06286196 19.92155810 50.85037019
v -12.58532094 -5.53428602 26.86354687
v 21.33290868 -5.52155810 14.79897637
v 29.85536766 19.93428602 38.78579969
v 29.85962889 19.92155810 38.79779310
v 21.33716991 -5.53428602 14.81096979
v -18.00000000 -5.00478561 19.64878624
v -18.00000000 30.20852802 27.13360711
v -18.00000000 30.20478561 27.15121376
v -18.00000000 -5.00852802 19.66639289
v 18.00000000 -5.00478561 19.64878624
v 18.00000000 30.20852802 27.13360711
v 18.00000000 30.20478561 27.15121376
v 18.00000000 -5.00852802 19.66639289
v -14.84659957 -4.65004948 7.70400648
v -41.09036467 4.66743614 30.51736342
v -41.09388067 4.65004948 30.52041984
v -14.85011557 -4.66743614 7.70706289
v 8.77152547 -4.65004948 34.87355136
v -17.47223963 4.66743614 57.68690831
v -17.47575563 4.65004948 57.68996472
v 8.76800947 -4.66743614 34.87660778
vt 0.0000000e+0 0.0000000e+0
vt 0.0000000e+0 1.00000000
vt 1.00000000 0.0000000e+0
vt 1.00000000 1.00000000
vn -0.57357644 -8.7721325e-14 0.81915204
vn -0.79124012 -0.25881905 -0.55403229
vn -0.21201215 0.96592583 -0.14845251
vn -0.57357644 7.1541281e-14 0.81915204
vn 0.79124012 0.25881905 0.55403229
vn -0.21201215 0.96592583 -0.14845251
vn -0.57357644 7.1541281e-14 0.81915204
vn 0.79124012 0.25881905 0.55403229
vn -0.21201215 0.96592583 -0.14845251
vn -0.57357644 2.3080389e-13 0.81915204
vn 0.21201215 -0.96592583 0.14845251
vn 0.79124012 0.25881905 0.55403229
vn -0.57357644 7.1541281e-14 0.81915204
vn 0.21201215 -0.96592583 0.14845251
vn -0.79124012 -0.25881905 -0.55403229
vn -0.57357644 7.1541281e-14 0.81915204
vn 0.21201215 -0.96592583 0.14845251
vn -0.79124012 -0.25881905 -0.55403229
vn -0.79124012 -0.25881905 -0.55403229
vn 0.57357644 8.0985887e-14 -0.81915204
vn -0.21201215 0.96592583 -0.14845251
vn 0.57357644 8.0985887e-14 -0.81915204
vn -0.79124012 -0.25881905 -0.55403229
vn -0.21201215 0.96592583 -0.14845251
vn 0.79124012 0.25881905 0.55403229
vn -0.21201215 0.96592583 -0.14845251
vn 0.57357644 3.5088530e-13 -0.81915204
vn 0.21201215 -0.96592583 0.14845251
vn 0.79124012 0.25881905 0.55403229
vn 0.57357644 8.0985887e-14 -0.81915204
vn 0.21201215 -0.96592583 0.14845251
vn 0.57357644 8.0985887e-14 -0.81915204
vn 0.79124012 0.25881905 0.55403229
vn 0.21201215 -0.96592583 0.14845251
vn -0.79124012 -0.25881905 -0.55403229
vn 0.57357644 -1.8891353e-13 -0.81915204
vn -0.57357644 -1.0611796e-13 0.81915204
vn 0.79124012 -0.25881905 0.55403229
vn 0.21201215 0.96592583 0.14845251
vn -0.57357644 -1.0611796e-13 0.81915204
vn 0.79124012 -0.25881905 0.55403229
vn 0.21201215 0.96592583 0.14845251
vn -0.57357644 -1.7544265e-13 0.81915204
vn -0.79124012 0.25881905 -0.55403229
vn 0.21201215 0.96592583 0.14845251
vn -0.57357644 -1.0611796e-13 0.81915204
vn -0.21201215 -0.96592583 -0.14845251
vn -0.79124012 0.25881905 -0.55403229
vn -0.57357644 -1.0611796e-13 0.81915204
vn -0.21201215 -0.96592583 -0.14845251
vn -0.79124012 0.25881905 -0.55403229
vn -0.57357644 -3.6793271e-14 0.81915204
vn -0.21201215 -0.96592583 -0.14845251
vn 0.79124012 -0.25881905 0.55403229
vn 0.79124012 -0.25881905 0.55403229
vn 0.21201215 0.96592583 0.14845251
vn 0.57357644 0.0000000e+0 -0.81915204
vn -0.79124012 0.25881905 -0.55403229
vn 0.57357644 -2.2240868e-14 -0.81915204
vn 0.21201215 0.96592583 0.14845251
vn 0.57357644 -2.2240868e-14 -0.81915204
vn -0.79124012 0.25881905 -0.55403229
vn 0.21201215 0.96592583 0.14845251
vn -0.21201215 -0.96592583 -0.14845251
vn -0.79124012 0.25881905 -0.55403229
vn 0.57357644 -4.4481737e-14 -0.81915204
vn -0.21201215 -0.96592583 -0.14845251
vn 0.79124012 -0.25881905 0.55403229
vn 0.57357644 -2.2240868e-14 -0.81915204
vn -0.21201215 -0.96592583 -0.14845251
vn 0.57357644 -2.2240868e-14 -0.81915204
vn 0.79124012 -0.25881905 0.55403229
vn -1.00000000 -4.3860663e-14 0.0000000e+0
vn 4.2588765e-17 -0.70710678 0.70710678
vn -5.1720337e-17 0.70710678 0.70710678
vn -1.00000000 -4.3860663e-14 0.0000000e+0
vn 4.2588765e-17 -0.70710678 0.70710678
vn -5.1720337e-17 0.70710678 0.70710678
vn -1.00000000 0.0000000e+0 0.0000000e+0
vn -8.5665357e-17 0.70710678 -0.70710678
vn -4.3860663e-17 0.70710678 0.70710678
vn -1.00000000 -4.3860663e-14 0.0000000e+0
vn 5.4097429e-17 -0.70710678 -0.70710678
vn -7.4469360e-17 0.70710678 -0.70710678
vn -1.00000000 -4.3860663e-14 0.0000000e+0
vn 5.4097429e-17 -0.70710678 -0.70710678
vn -7.4469360e-17 0.70710678 -0.70710678
vn -1.00000000 -8.7721325e-14 0.0000000e+0
vn 0.0000000e+0 -0.70710678 -0.70710678
vn 1.7133071e-16 -0.70710678 0.70710678
vn -8.6153184e-17 -0.70710678 0.70710678
vn -5.9580012e-17 0.70710678 0.70710678
vn 1.00000000 -1.7544265e-13 0.0000000e+0
vn -7.4469360e-17 0.70710678 -0.70710678
vn 1.00000000 -4.9343246e-14 0.0000000e+0
vn -5.1720337e-17 0.70710678 0.70710678
vn 1.00000000 -4.9343246e-14 0.0000000e+0
vn -7.4469360e-17 0.70710678 -0.70710678
vn -5.1720337e-17 0.70710678 0.70710678
vn 1.0819486e-16 -0.70710678 -0.70710678
vn -6.3273363e-17 0.70710678 -0.70710678
vn 1.00000000 7.6756160e-14 0.0000000e+0
vn 5.4097429e-17 -0.70710678 -0.70710678
vn 4.2588765e-17 -0.70710678 0.70710678
vn 1.00000000 -4.9343246e-14 0.0000000e+0
vn 5.4097429e-17 -0.70710678 -0.70710678
vn 1.00000000 -4.9343246e-14 0.0000000e+0
vn 4.2588765e-17 -0.70710678 0.70710678
vn -0.57357644 5.8466606e-15 0.81915204
vn 0.17031129 -0.97814760 0.11925325
vn 0.80125161 0.20791169 0.56104242
vn -0.57357644 5.8466606e-15 0.81915204
vn 0.17031129 -0.97814760 0.11925325
vn 0.80125161 0.20791169 0.56104242
vn -0.57357644 2.1930331e-14 0.81915204
vn -0.17031129 0.97814760 -0.11925325
vn 0.80125161 0.20791169 0.56104242
vn -0.57357644 5.8466606e-15 0.81915204
vn -0.80125161 -0.20791169 -0.56104242
vn -0.17031129 0.97814760 -0.11925325
vn -0.57357644 5.8466606e-15 0.81915204
vn -0.80125161 -0.20791169 -0.56104242
vn -0.17031129 0.97814760 -0.11925325
vn -0.57357644 -1.0237010e-14 0.81915204
vn -0.80125161 -0.20791169 -0.56104242
vn 0.17031129 -0.97814760 0.11925325
vn 0.17031129 -0.97814760 0.11925325
vn 0.80125161 0.20791169 0.56104242
vn 0.57357644 2.1930331e-14 -0.81915204
vn -0.17031129 0.97814760 -0.11925325
vn 0.57357644 1.0269135e-14 -0.81915204
vn 0.80125161 0.20791169 0.56104242
vn 0.57357644 1.0269135e-14 -0.81915204
vn -0.17031129 0.97814760 -0.11925325
vn 0.80125161 0.20791169 0.56104242
vn -0.80125161 -0.20791169 -0.56104242
vn -0.17031129 0.97814760 -0.11925325
vn 0.57357644 -1.3920620e-15 -0.81915204
vn -0.80125161 -0.20791169 -0.56104242
vn 0.17031129 -0.97814760 0.11925325
vn 0.57357644 1.0269135e-14 -0.81915204
vn -0.80125161 -0.20791169 -0.56104242
vn 0.57357644 1.0269135e-14 -0.81915204
vn 0.17031129 -0.97814760 0.11925325
vn -0.93067321 -1.1560540e-13 -0.36585158
vn -0.35338549 -0.25881905 0.89896129
vn -9.4689357e-2 0.96592583 0.24087595
vn -0.93067321 -1.1560540e-13 -0.36585158
vn -0.35338549 -0.25881905 0.89896129
vn -9.4689357e-2 0.96592583 0.24087595
vn -0.93067321 -1.7544265e-13 -0.36585158
vn 0.35338549 0.25881905 -0.89896129
vn -9.4689357e-2 0.96592583 0.24087595
vn -0.93067321 -1.1560540e-13 -0.36585158
vn 9.4689357e-2 -0.96592583 -0.24087595
vn 0.35338549 0.25881905 -0.89896129
vn -0.93067321 -1.1560540e-13 -0.36585158
vn 9.4689357e-2 -0.96592583 -0.24087595
vn 0.35338549 0.25881905 -0.89896129
vn -0.93067321 -5.5768147e-14 -0.36585158
vn 9.4689357e-2 -0.96592583 -0.24087595
vn -0.35338549 -0.25881905 0.89896129
vn -0.35338549 -0.25881905 0.89896129
vn -9.4689357e-2 0.96592583 0.24087595
vn 0.93067321 3.5088530e-13 0.36585158
vn 0.35338549 0.25881905 -0.89896129
vn 0.93067321 1.7724162e-13 0.36585158
vn -9.4689357e-2 0.96592583 0.24087595
vn 0.93067321 1.7724162e-13 0.36585158
vn 0.35338549 0.25881905 -0.89896129
vn -9.4689357e-2 0.96592583 0.24087595
vn 9.4689357e-2 -0.96592583 -0.24087595
vn 0.35338549 0.25881905 -0.89896129
vn 0.93067321 3.5979450e-15 0.36585158
vn 9.4689357e-2 -0.96592583 -0.24087595
vn -0.35338549 -0.25881905 0.89896129
vn 0.93067321 1.7724162e-13 0.36585158
vn 9.4689357e-2 -0.96592583 -0.24087595
vn 0.93067321 1.7724162e-13 0.36585158
vn -0.35338549 -0.25881905 0.89896129
vn -0.94229141 -1.7544265e-13 0.33479381
vn -0.23673497 -0.70710678 -0.66630065
vn -0.23673497 0.70710678 -0.66630065
vn -0.94229141 -9.3632235e-14 0.33479381
vn 0.23673497 0.70710678 0.66630065
vn -0.23673497 0.70710678 -0.66630065
vn -0.94229141 -9.3632235e-14 0.33479381
vn 0.23673497 0.70710678 0.66630065
vn -0.23673497 0.70710678 -0.66630065
vn -0.94229141 -1.1821819e-14 0.33479381
vn 0.23673497 -0.70710678 0.66630065
vn 0.23673497 0.70710678 0.66630065
vn -0.94229141 -9.3632235e-14 0.33479381
vn 0.23673497 -0.70710678 0.66630065
vn -0.23673497 -0.70710678 -0.66630065
vn -0.94229141 -9.3632235e-14 0.33479381
vn 0.23673497 -0.70710678 0.66630065
vn -0.23673497 -0.70710678 -0.66630065
vn -0.23673497 -0.70710678 -0.66630065
vn 0.94229141 -9.0976609e-14 -0.33479381
vn -0.23673497 0.70710678 -0.66630065
vn 0.94229141 -9.0976609e-14 -0.33479381
vn -0.23673497 -0.70710678 -0.66630065
vn -0.23673497 0.70710678 -0.66630065
vn 0.23673497 0.70710678 0.66630065
vn -0.23673497 0.70710678 -0.66630065
vn 0.94229141 -3.5088530e-13 -0.33479381
vn 0.23673497 -0.70710678 0.66630065
vn 0.23673497 0.70710678 0.66630065
vn 0.94229141 -9.0976609e-14 -0.33479381
vn 0.23673497 -0.70710678 0.66630065
vn 0.94229141 -9.0976609e-14 -0.33479381
vn 0.23673497 0.70710678 0.66630065
vn 0.23673497 -0.70710678 0.66630065
vn -0.23673497 -0.70710678 -0.66630065
vn 0.94229141 1.6893208e-13 -0.33479381
vn -1.00000000 8.7721325e-14 0.0000000e+0
vn 8.5665357e-17 -0.97814760 -0.20791169
vn 0.0000000e+0 0.20791169 -0.97814760
vn -1.00000000 4.3860663e-14 0.0000000e+0
vn -1.0708170e-16 0.97814760 0.20791169
vn -8.7721325e-17 0.20791169 -0.97814760
vn -1.00000000 4.3860663e-14 0.0000000e+0
vn -1.0708170e-16 0.97814760 0.20791169
vn -8.7721325e-17 0.20791169 -0.97814760
vn -1.00000000 0.0000000e+0 0.0000000e+0
vn 7.0177060e-16 -0.20791169 0.97814760
vn -2.5699607e-16 0.97814760 0.20791169
vn -1.00000000 4.3860663e-14 0.0000000e+0
vn 3.1045182e-16 -0.20791169 0.97814760
vn 8.4539620e-17 -0.97814760 -0.20791169
vn -1.00000000 4.3860663e-14 0.0000000e+0
vn 3.1045182e-16 -0.20791169 0.97814760
vn 8.4539620e-17 -0.97814760 -0.20791169
vn 8.4539620e-17 -0.97814760 -0.20791169
vn 1.00000000 1.0965166e-14 0.0000000e+0
vn -8.7721325e-17 0.20791169 -0.97814760
vn 1.00000000 1.0965166e-14 0.0000000e+0
vn 8.4539620e-17 -0.97814760 -0.20791169
vn -8.7721325e-17 0.20791169 -0.97814760
vn 4.2832678e-17 0.97814760 0.20791169
vn -1.7544265e-16 0.20791169 -0.97814760
vn 1.00000000 0.0000000e+0 0.0000000e+0
vn 3.1045182e-16 -0.20791169 0.97814760
vn -1.0708170e-16 0.97814760 0.20791169
vn 1.00000000 1.0965166e-14 0.0000000e+0
vn 3.1045182e-16 -0.20791169 0.97814760
vn 1.00000000 1.0965166e-14 0.0000000e+0
vn -1.0708170e-16 0.97814760 0.20791169
vn -8.0866971e-17 -0.20791169 0.97814760
vn 8.3413882e-17 -0.97814760 -0.20791169
vn 1.00000000 2.1930331e-14 0.0000000e+0
vn -0.65605903 -3.5088530e-13 -0.75470958
vn 0.72899347 -0.25881905 -0.63370436
vn 0.19533321 0.96592583 -0.16980057
vn -0.65605903 -2.6423479e-13 -0.75470958
vn -0.72899347 0.25881905 0.63370436
vn 0.19533321 0.96592583 -0.16980057
vn -0.65605903 -2.6423479e-13 -0.75470958
vn -0.72899347 0.25881905 0.63370436
vn 0.19533321 0.96592583 -0.16980057
vn -0.65605903 -1.7758428e-13 -0.75470958
vn -0.19533321 -0.96592583 0.16980057
vn -0.72899347 0.25881905 0.63370436
vn -0.65605903 -2.6423479e-13 -0.75470958
vn -0.19533321 -0.96592583 0.16980057
vn 0.72899347 -0.25881905 -0.63370436
vn -0.65605903 -2.6423479e-13 -0.75470958
vn -0.19533321 -0.96592583 0.16980057
vn 0.72899347 -0.25881905 -0.63370436
vn 0.72899347 -0.25881905 -0.63370436
vn 0.65605903 -4.6018359e-14 0.75470958
vn 0.19533321 0.96592583 -0.16980057
vn 0.65605903 -4.6018359e-14 0.75470958
vn 0.72899347 -0.25881905 -0.63370436
vn 0.19533321 0.96592583 -0.16980057
vn -0.72899347 0.25881905 0.63370436
vn 0.19533321 0.96592583 -0.16980057
vn 0.65605903 0.0000000e+0 0.75470958
vn -0.19533321 -0.96592583 0.16980057
vn -0.72899347 0.25881905 0.63370436
vn 0.65605903 -4.6018359e-14 0.75470958
vn -0.19533321 -0.96592583 0.16980057
vn 0.65605903 -4.6018359e-14 0.75470958
vn -0.72899347 0.25881905 0.63370436
vn -0.19533321 -0.96592583 0.16980057
vn 0.72899347 -0.25881905 -0.63370436
vn 0.65605903 -9.2036718e-14 0.75470958
g grass_default
usemtl default
s 1
f 25//109 27//118 28//124
f 26//115 27//121 25//112
f 29//129 32//143 30//133
f 30//131 32//141 31//138
f 33//146 40//176 37//163
f 34//152 38//170 35//159
f 35//156 38//166 39//173
f 36//162 40//180 33//149
f 57//253 60//268 58//259
f 58//256 60//265 59//262
f 61//272 63//282 64//288
f 62//279 63//284 61//274
s 2
f 1//1 4//16 2//7
f 2//4 4//13 3//10
f 5//20 7//30 8//36
f 6//27 7//32 5//22
f 9//37 11//46 12//52
f 10//43 11//49 9//40
f 13//57 16//71 14//61
f 14//59 16//69 15//66
f 17//73 19//82 20//88
f 18//79 19//85 17//76
f 21//93 24//107 22//97
f 22//95 24//105 23//102
f 41//182 45//203 44//198
f 42//185 47//209 46//205
f 43//192 47//213 42//188
f 44//195 45//199 48//215
f 49//218 53//239 52//234
f 50//221 55//245 54//241
f 51//228 55//249 50//224
f 52//231 53//235 56//251
s 3
f 1//2 5//23 4//18
f 2//5 7//29 6//25
f 3//12 7//33 2//8
f 4//15 5//19 8//35
f 9//38 16//68 13//55
f 10//44 14//62 11//51
f 11//48 14//58 15//65
f 12//54 16//72 9//41
f 17//74 24//104 21//91
f 18//80 22//98 19//87
f 19//84 22//94 23//101
f 20//90 24//108 17//77
f 25//110 32//140 29//127
f 26//116 30//134 27//123
f 27//120 30//130 31//137
f 28//126 32//144 25//113
f 33//145 35//154 36//160
f 34//151 35//157 33//148
f 37//165 40//179 38//169
f 38//167 40//177 39//174
f 41//181 44//196 42//187
f 42//184 44//193 43//190
f 45//200 47//210 48//216
f 46//207 47//212 45//202
f 49//217 52//232 50//223
f 50//220 52//229 51//226
f 53//236 55//246 56//252
f 54//243 55//248 53//238
f 57//254 61//275 60//270
f 58//257 63//281 62//277
f 59//264 63//285 58//260
f 60//267 61//271 64//287
g grass_image
usemtl image
s 1
f 2/2/9 5/3/24 1/1/3
f 4/1/17 7/4/31 3/2/11
f 6/4/26 5/3/21 2/2/6
f 8/3/34 7/4/28 4/1/14
f 9/1/42 14/4/63 10/2/45
f 11/2/50 16/3/70 12/1/53
f 13/3/56 14/4/60 9/1/39
f 15/4/64 16/3/67 11/2/47
f 17/1/78 22/4/99 18/2/81
f 19/2/86 24/3/106 20/1/89
f 21/3/92 22/4/96 17/1/75
f 23/4/100 24/3/103 19/2/83
f 42/2/189 45/3/204 41/1/183
f 44/1/197 47/4/211 43/2/191
f 46/4/206 45/3/201 42/2/186
f 48/3/214 47/4/208 44/1/194
f 50/2/225 53/3/240 49/1/219
f 52/1/233 55/4/247 51/2/227
f 54/4/242 53/3/237 50/2/222
f 56/3/250 55/4/244 52/1/230
s 2
f 25/1/114 30/4/135 26/2/117
f 27/2/122 32/3/142 28/1/125
f 29/3/128 30/4/132 25/1/111
f 31/4/136 32/3/139 27/2/119
f 33/1/150 38/4/171 34/2/153
f 35/2/158 40/3/178 36/1/161
f 37/3/164 38/4/168 33/1/147
f 39/4/172 40/3/175 35/2/155
f 58/2/261 61/3/276 57/1/255
f 60/1/269 63/4/283 59/2/263
f 62/4/278 61/3/273 58/2/258
f 64/3/286 63/4/280 60/1/266
