# Exported from Wings 3D 2.1.5
mtllib paprota_big.mtl
o paprota
#400 vertices, 640 faces
v -12.00000000 1.17649771 3.37788580
v -12.00000000 36.59291896 36.76261515
v -12.00000000 36.58921076 36.77402783
v -12.00000000 1.17278951 3.38929847
v 12.00000000 1.17649771 3.37788580
v 12.00000000 36.59291896 36.76261515
v 12.00000000 36.58921076 36.77402783
v 12.00000000 1.17278951 3.38929847
v 12.00000000 24.00000000 10.80630877
v 12.00000000 24.00000000 10.79369123
v -12.00000000 24.00000000 10.80630877
v -12.00000000 24.00000000 10.79369123
v -12.00000000 1.17278951 -3.38929847
v -12.00000000 33.77756828 -30.07586103
v -12.00000000 33.78127649 -30.06444835
v -12.00000000 1.17649771 -3.37788580
v 12.00000000 1.17278951 -3.38929847
v 12.00000000 33.77756828 -30.07586103
v 12.00000000 33.78127649 -30.06444835
v 12.00000000 1.17649771 -3.37788580
v 12.00000000 24.00000000 -10.79369123
v 12.00000000 24.00000000 -10.80630877
v -12.00000000 24.00000000 -10.79369123
v -12.00000000 24.00000000 -10.80630877
v 4.77635087 1.98869088 -6.07059904
v 12.03214568 23.28854421 2.27623807
v 12.02865219 23.29130912 2.27221927
v 4.77285738 1.99145579 -6.07461785
v -4.28016409 1.98869088 1.80210930
v 2.97563072 23.28854421 10.14894642
v 2.97213723 23.29130912 10.14492762
v -4.28365758 1.99145579 1.79809050
v 3.99968484 3.74392146 3.40921070
v 16.15252179 21.54010420 -7.15508928
v 16.15587953 21.53607854 -7.15800811
v 4.00304258 3.73989580 3.40629187
v -3.87302350 3.74392146 -5.64730426
v 8.27981344 21.54010420 -16.21160424
v 8.28317118 21.53607854 -16.21452308
v -3.86966577 3.73989580 -5.65022309
v 3.73573868 5.01444519 2.97227316
v -10.25277791 20.26092107 15.13230511
v -10.24990124 20.26555481 15.12980446
v 3.73861534 5.01907893 2.96977251
v -4.13696967 5.01444519 -6.08424181
v -18.12548625 20.26092107 6.07579014
v -18.12260959 20.26555481 6.07328950
v -4.13409300 5.01907893 -6.08674245
v 4.38690573 4.71279538 -3.82148127
v -7.43117213 20.57170805 -17.41662468
v -7.43377323 20.56720462 -17.41961690
v 4.38430464 4.70829195 -3.82447349
v -4.66960923 4.71279538 4.05122708
v -16.48768710 20.57170805 -9.54391634
v -16.49028819 20.56720462 -9.54690855
v -4.67221032 4.70829195 4.04823486
v -3.37788580 1.17649771 -13.20000000
v -28.98744667 41.29418362 -13.20000000
v -28.99885935 41.29047542 -13.20000000
v -3.38929847 1.17278951 -13.20000000
v -3.37788580 1.17649771 10.80000000
v -28.98744667 41.29418362 10.80000000
v -28.99885935 41.29047542 10.80000000
v -3.38929847 1.17278951 10.80000000
v -10.80630877 24.00000000 10.80000000
v -10.79369123 24.00000000 10.80000000
v -10.80630877 24.00000000 -13.20000000
v -10.79369123 24.00000000 -13.20000000
v 3.38929847 1.17278951 -13.20000000
v 34.57210982 34.42475561 -13.20000000
v 34.56069715 34.42846382 -13.20000000
v 3.37788580 1.17649771 -13.20000000
v 3.38929847 1.17278951 10.80000000
v 34.57210982 34.42475561 10.80000000
v 34.56069715 34.42846382 10.80000000
v 3.37788580 1.17649771 10.80000000
v 10.79369123 24.00000000 10.80000000
v 10.80630877 24.00000000 10.80000000
v 10.79369123 24.00000000 -13.20000000
v 10.80630877 24.00000000 -13.20000000
v 17.54812632 1.19696693 1.98723646
v 14.23550380 24.92159879 -10.80913213
v 14.23388654 24.92115332 -10.81561460
v 17.54650906 1.19652145 1.98075399
v 4.55556466 1.13351096 5.23299971
v 1.24294214 24.85814282 -7.56336889
v 1.24132489 24.85769735 -7.56985136
v 4.55394741 1.13306548 5.22651723
v 4.27655582 14.49633034 4.37739541
v 4.27821813 14.49460500 4.38401582
v 17.26911747 14.55978631 1.13163217
v 17.27077979 14.55806097 1.13825258
v 18.43956551 0.26960660 5.53747449
v 22.95493409 14.25896491 23.88567446
v 22.95354418 14.26253156 23.88018050
v 18.43817560 0.27317325 5.53198053
v 5.44700385 0.20615063 8.78323774
v 9.96237243 14.19550894 27.13143770
v 9.96098253 14.19907559 27.12594374
v 5.44561395 0.20971728 8.77774377
v 7.12228029 11.54271606 15.71088573
v 7.12394261 11.54099072 15.71750614
v 20.11484195 11.60617203 12.46512249
v 20.11650427 11.60444669 12.47174290
v 9.73583859 0.29999105 9.32193433
v 5.36115068 12.94494854 8.76263127
v 5.36365613 12.94590400 8.76463600
v 9.73834404 0.30094652 9.32393905
v 13.60144217 1.40046164 3.96633077
v 9.22675426 14.04541913 3.40702772
v 9.22925970 14.04637459 3.40903244
v 13.60394761 1.40141711 3.96833550
v 8.96116720 2.54787076 4.47680440
v 4.31950288 10.69853118 14.03543145
v 4.31794628 10.69594537 14.03688049
v 8.95961060 2.54528496 4.47825344
v 14.41627507 1.33028564 8.16403922
v 9.77461075 9.48094606 17.72266627
v 9.77305415 9.47836025 17.72411531
v 14.41471848 1.32769984 8.16548826
v 9.20056944 3.17614845 4.83971327
v 15.63868977 13.12394449 -1.40028869
v 15.63760397 13.12610170 -1.39796995
v 9.19948363 3.17830566 4.84203202
v 14.65567731 1.95856333 8.52694809
v 21.09379765 11.90635936 2.28694612
v 21.09271184 11.90851658 2.28926487
v 14.65459151 1.96072054 8.52926683
v 9.73386201 2.08225290 8.45224477
v 18.40892943 8.83382726 16.10110828
v 18.41059371 8.83098871 16.10172628
v 9.73552629 2.07941436 8.45286276
v 13.59946559 3.18272350 3.09664121
v 22.27453300 9.93429785 10.74550473
v 22.27619729 9.93145930 10.74612272
v 13.60112987 3.17988495 3.09725920
v 15.06456521 -1.09271327 11.85168625
v 30.15829072 20.67784326 13.73541685
v 30.16435537 20.67586737 13.73337914
v 15.07062986 -1.09468916 11.84964854
v 11.90264912 2.18908037 -0.74108077
v 26.99637463 23.95963690 1.14264983
v 27.00243928 23.95766102 1.14061213
v 11.90871378 2.18710449 -0.74311848
v 16.62373584 14.55576752 1.29637734
v 16.61690525 14.55573416 1.29808374
v 19.78565193 11.27397388 13.88914436
v 19.77882134 11.27394052 13.89085075
v 11.40099075 -1.11261176 12.76638691
v -4.46068726 16.79357227 21.41561353
v -4.45439525 16.79560851 21.41456434
v 11.40728275 -1.11057552 12.76533771
v 8.23907466 2.16918188 0.17361989
v -7.62260334 20.07536592 8.82284652
v -7.61631134 20.07740215 8.82179732
v 8.24536667 2.17121812 0.17257069
v 4.93043036 14.49865715 4.21756426
v 4.92359976 14.49862379 4.21927065
v 8.09234644 11.21686351 16.81033127
v 8.08551585 11.21683015 16.81203767
v -4.62507784 2.66356951 -5.52497059
v 8.16124970 26.38820137 -2.17379990
v 8.16769739 26.38775590 -2.17204910
v -4.61863016 2.66312404 -5.52321979
v -1.11982954 2.60011354 -18.44994144
v 11.66649801 26.32474540 -15.09877075
v 11.67294570 26.32429993 -15.09701996
v -1.11338185 2.59966807 -18.44819064
v -0.23683650 15.96293292 -18.27607961
v -0.24342658 15.96120758 -18.27785836
v -3.74208481 16.02638889 -5.35110875
v -3.74867489 16.02466355 -5.35288751
v -8.15905622 1.73620919 -6.47883155
v -26.37847123 15.72556749 -11.48861321
v -26.37299735 15.72913414 -11.48714621
v -8.15358234 1.73977583 -6.47736455
v -4.65380791 1.67275322 -19.40380241
v -22.87322292 15.66211152 -24.41358407
v -22.86774904 15.66567817 -24.41211706
v -4.64833403 1.67631986 -19.40233540
v -11.51840458 13.00931864 -21.32113661
v -11.52499466 13.00759330 -21.32291536
v -15.02365289 13.07277461 -8.39616575
v -15.03024297 13.07104927 -8.39794451
v -7.21639751 1.76659364 -15.92279222
v -4.59393578 14.41155112 -19.46869248
v -4.59690805 14.41250658 -19.46748344
v -7.21936979 1.76754910 -15.92158318
v -4.42724497 2.86706423 -9.93563858
v -1.80478324 15.51202171 -13.48153885
v -1.80775551 15.51297717 -13.48032981
v -4.43021725 2.86801969 -9.93442955
v -2.60904571 4.01447335 -14.23527654
v -8.68850152 12.16513376 -22.95035634
v -8.68900702 12.16254796 -22.95242205
v -2.60955121 4.01188754 -14.23734226
v -8.48904145 2.79688822 -11.27224557
v -14.56849726 10.94754864 -19.98732536
v -14.56900276 10.94496283 -19.98939108
v -8.48954695 2.79430242 -11.27431128
v -3.04263157 4.64275103 -14.20334564
v -0.73649529 14.59054707 -5.53912303
v -0.73798965 14.59270428 -5.54120207
v -3.04412594 4.64490824 -14.20542469
v -8.92262731 3.42516591 -11.24031467
v -6.61649103 13.37296195 -2.57609206
v -6.61798539 13.37511916 -2.57817110
v -8.92412168 3.42732312 -11.24239371
v -6.45626200 3.54885549 -15.50023117
v -17.36533926 10.30042984 -11.65914524
v -17.36669066 10.29759129 -11.65799395
v -6.45761339 3.54601694 -15.49907987
v -3.66710946 4.64932608 -9.51307753
v -14.57618673 11.40090043 -5.67199161
v -14.57753812 11.39806188 -5.67084032
v -3.66846086 4.64648753 -9.51192624
v -12.02434456 0.37388931 -12.50539302
v -21.03231438 22.14444584 -0.24874296
v -21.03349432 22.14246995 -0.24245488
v -12.02552450 0.37191342 -12.49910493
v 0.51073108 3.65568295 -9.12199635
v -8.49723873 25.42623948 3.13465370
v -8.49841867 25.42426360 3.14094179
v 0.50955114 3.65370707 -9.11570826
v -3.57103884 16.02237011 -5.99484914
v -3.56919602 16.02233675 -6.00164420
v -16.10611449 12.74057646 -9.37824581
v -16.10427167 12.74054310 -9.38504087
v -11.03549678 0.35399082 -16.14965360
v -10.84732483 18.26017485 -34.21527126
v -10.84947857 18.26221109 -34.20926697
v -11.03765052 0.35602706 -16.14364931
v 1.49957887 3.63578446 -12.76625693
v 1.68775082 21.54196850 -30.83187460
v 1.68559707 21.54400474 -30.82587031
v 1.49742512 3.63782070 -12.76025264
v -0.41631536 15.96525973 -17.62732291
v -0.41447254 15.96522637 -17.63411797
v -12.95139101 12.68346609 -21.01071958
v -12.94954819 12.68343273 -21.01751464
v -1.64764033 1.01707814 6.52733000
v -1.07883061 24.74171001 -6.67861460
v -1.07848424 24.74126453 -6.68528678
v -1.64729396 1.01663267 6.52065782
v -15.02169985 0.95362217 5.83727981
v -14.45289013 24.67825404 -7.36866479
v -14.45254376 24.67780856 -7.37533697
v -15.02135348 0.95317670 5.83060763
v -15.03867694 14.31644156 4.93749293
v -15.03902050 14.31471622 4.94431020
v -1.66461742 14.37989753 5.62754312
v -1.66496098 14.37817219 5.63436039
v -1.83186583 8.9717819e-2 10.18313564
v -2.87170613 14.07907613 29.05013666
v -2.87143100 14.08264278 29.04447629
v -1.83159070 9.3284467e-2 10.17747527
v -15.20592536 2.6261849e-2 9.49308545
v -16.24576565 14.01562016 28.36008647
v -16.24549052 14.01918681 28.35442610
v -15.20565023 2.9828496e-2 9.48742508
v -15.62681524 11.36282728 16.60797895
v -15.62715880 11.36110194 16.61479621
v -2.25275572 11.42628325 17.29802914
v -2.25309928 11.42455791 17.30484640
v -11.26137465 0.12010227 11.26080068
v -15.28201804 12.76505975 9.44830491
v -15.28020727 12.76601522 9.45095393
v -11.25956388 0.12105773 11.26344970
v -6.00024620 1.22057286 7.26756791
v -10.02088960 13.86553034 5.45507214
v -10.01907883 13.86648581 5.45772116
v -5.99843543 1.22152832 7.27021693
v -10.58731416 2.36798198 6.40065231
v -17.81811439 10.51864239 14.18704601
v -17.82002630 10.51605659 14.18797729
v -10.58922607 2.36539617 6.40158360
v -6.44682436 1.15039686 11.52024669
v -13.67762459 9.30105727 19.30664039
v -13.67953650 9.29847147 19.30757168
v -6.44873627 1.14781105 11.52117798
v -10.46433138 2.99625966 6.81765533
v -2.48455270 12.94405570 2.72985027
v -2.48626833 12.94621291 2.73175084
v -10.46604701 2.99841687 6.81955589
v -6.32384158 1.77867454 11.93724971
v 1.65593711 11.72647058 7.84944465
v 1.65422148 11.72862779 7.85134522
v -6.32555721 1.78083175 11.93915028
v -11.00928278 1.90236412 10.42844648
v -4.94614754 8.65393847 20.27731945
v -4.94473628 8.65109992 20.27839654
v -11.00787152 1.89952557 10.42952356
v -5.74815433 3.00283471 6.43521371
v 0.31498091 9.75440906 16.28408668
v 0.31639216 9.75157051 16.28516377
v -5.74674308 2.99999616 6.43629079
v -6.90372789 -1.27260206 15.23646250
v 6.98189246 20.49795447 21.44601467
v 6.98828782 20.49597858 21.44583690
v -6.89733253 -1.27457795 15.23628473
v -6.25024089 2.00919159 2.26925581
v 7.63537946 23.77974812 8.47880799
v 7.64177482 23.77777223 8.47863022
v -6.24384553 2.00721570 2.26907804
v -2.32997659 14.37587874 5.59663064
v -2.33700775 14.37584538 5.59626786
v -2.98346360 11.09408509 18.56383732
v -2.99049475 11.09405173 18.56347454
v -10.67472249 -1.29250055 15.04138589
v -28.37084022 16.61368349 18.68135394
v -28.36451610 16.61571972 18.68218799
v -10.66839837 -1.29046431 15.04221994
v -10.02123549 1.98929310 2.07417921
v -27.71735322 19.89547713 5.71414726
v -27.71102910 19.89751337 5.71498130
v -10.01491137 1.99132934 2.07501325
v -14.36663016 14.31876837 4.97558547
v -14.37366132 14.31873500 4.97522268
v -15.02011716 11.03697472 17.94279215
v -15.02714832 11.03694136 17.94242937
v 4.74739449 1.34759795 -9.36467763
v -5.39703524 25.07222981 -0.89053681
v -5.40220035 25.07178433 -0.88629893
v 4.74222938 1.34715247 -9.36043975
v 13.24514930 1.28414198 0.98567504
v 3.10071958 25.00877384 9.45981586
v 3.09555447 25.00832836 9.46405374
v 13.23998420 1.28369650 0.98991292
v 12.59149644 14.64696136 1.60425613
v 12.59676689 14.64523602 1.59991845
v 4.09374162 14.71041733 -8.74609654
v 4.09901207 14.70869199 -8.75043422
v 7.57370484 0.42023762 -11.69079537
v 22.21981967 14.40959593 -23.62965276
v 22.21545044 14.41316258 -23.62604371
v 7.56933561 0.42380427 -11.68718632
v 16.07145965 0.35678165 -1.34044270
v 30.71757448 14.34613996 -13.27930009
v 30.71320525 14.34970661 -13.27569104
v 16.06709042 0.36034830 -1.33683364
v 21.61399332 11.69334708 -5.82142232
v 21.61926377 11.69162174 -5.82576000
v 13.11623851 11.75680305 -16.17177499
v 13.12150896 11.75507771 -16.17611267
v 14.72131778 0.45062207 -5.44670795
v 16.08961023 13.09557956 -1.25403697
v 16.09034868 13.09653502 -1.25715961
v 14.72205623 0.45157754 -5.44983059
v 8.22615455 1.55109266 -6.64597234
v 9.59444700 14.19605015 -2.45330135
v 9.59518545 14.19700561 -2.45642399
v 8.22689299 1.55204813 -6.64909498
v 10.67488625 2.69850178 -2.67149776
v 21.30043684 10.84916220 -2.57113147
v 21.30241294 10.84657639 -2.57034551
v 10.67686235 2.69591598 -2.67071180
v 11.67035233 1.48091666 -9.18018040
v 22.29590292 9.63157708 -9.07981411
v 22.29787902 9.62899127 -9.07902815
v 11.67232843 1.47833085 -9.17939444
v 10.90028621 3.32677947 -3.04326535
v 2.50412984 13.27457550 -6.18835298
v 2.50669019 13.27673271 -6.18836494
v 10.90284656 3.32893668 -3.04327731
v 11.89575229 2.10919435 -9.55194799
v 3.49959592 12.05699038 -12.69703562
v 3.50215627 12.05914759 -12.69704758
v 11.89831264 2.11135156 -9.55195995
v 13.93628285 2.23288392 -5.07243000
v 17.13249062 8.98445827 -16.18756219
v 17.13233623 8.98161972 -16.18933078
v 13.93612847 2.23004537 -5.07419859
v 7.44111961 3.33335451 -6.27169438
v 10.63732738 10.08492886 -17.38682658
v 10.63717300 10.08209031 -17.38859517
v 7.44096523 3.33051596 -6.27346297
v 14.72497200 -0.94208225 -11.34543314
v 9.96246723 20.82847427 -25.79145470
v 9.95802837 20.82649839 -25.79606217
v 14.72053314 -0.94405814 -11.35004061
v 4.69997546 2.33971139 -3.09467930
v -6.2529305e-2 24.11026792 -17.54070086
v -6.6968166e-2 24.10829203 -17.54530834
v 4.69553660 2.33773550 -3.09928677
v 4.51903082 14.70639854 -8.23346850
v 4.52349835 14.70636518 -8.22802699
v 14.54402736 11.42460490 -16.48422233
v 14.54849489 11.42457154 -16.47878083
v 17.12065209 -0.96198074 -8.42667106
v 31.73001809 16.94420329 2.20198715
v 31.72637510 16.94623953 2.19675086
v 17.11700911 -0.95994451 -8.43190736
v 7.09565555 2.31981290 -0.17591723
v 21.70502155 20.22599693 10.45274099
v 21.70137856 20.22803317 10.44750469
v 7.09201257 2.32184914 -0.18115353
v 12.16701016 14.64928817 1.08184891
v 12.17147769 14.64925481 1.08729041
v 22.19200669 11.36749452 -7.16890493
v 22.19647423 11.36746116 -7.16346343
vt 0.0000000e+0 0.0000000e+0
vt 0.0000000e+0 0.49995939
vt 0.0000000e+0 0.49995939
vt 0.0000000e+0 0.50004061
vt 0.0000000e+0 0.50004061
vt 0.0000000e+0 1.00000000
vt 1.00000000 0.0000000e+0
vt 1.00000000 0.49995939
vt 1.00000000 0.49995939
vt 1.00000000 0.50004061
vt 1.00000000 0.50004061
vt 1.00000000 1.00000000
vn -1.00000000 0.0000000e+0 0.0000000e+0
vn 0.0000000e+0 0.30901699 -0.95105652
vn -1.2046691e-17 -0.95105652 -0.30901699
vn -1.00000000 0.0000000e+0 0.0000000e+0
vn -1.00000000 0.0000000e+0 0.0000000e+0
vn -3.8549411e-16 0.95105652 0.30901699
vn -2.6183930e-16 0.89978791 -0.43632752
vn -1.9274705e-16 0.95105652 0.30901699
vn 0.0000000e+0 -0.89983041 0.43623988
vn -1.00000000 0.0000000e+0 0.0000000e+0
vn 0.0000000e+0 -0.89983041 0.43623988
vn -1.9274705e-16 0.95105652 0.30901699
vn 4.6726341e-17 -0.30901699 0.95105652
vn -8.0688171e-18 -0.95105652 -0.30901699
vn -1.00000000 0.0000000e+0 0.0000000e+0
vn -1.00000000 0.0000000e+0 0.0000000e+0
vn 4.6726341e-17 -0.30901699 0.95105652
vn -8.0688171e-18 -0.95105652 -0.30901699
vn -8.0688171e-18 -0.95105652 -0.30901699
vn 1.00000000 -9.8694508e-14 0.0000000e+0
vn -9.8694508e-17 0.30901699 -0.95105652
vn -9.8694508e-17 0.30901699 -0.95105652
vn -8.0688171e-18 -0.95105652 -0.30901699
vn -1.9274705e-16 0.95105652 0.30901699
vn -1.3091965e-16 0.89978791 -0.43632752
vn -1.9274705e-16 0.95105652 0.30901699
vn -1.3091965e-16 0.89978791 -0.43632752
vn 1.00000000 -3.5774936e-13 0.0000000e+0
vn 1.00000000 -3.5774936e-13 0.0000000e+0
vn 0.0000000e+0 0.95105652 0.30901699
vn 0.0000000e+0 -0.89983041 0.43623988
vn 1.00000000 0.0000000e+0 0.0000000e+0
vn -4.0909433e-18 -0.95105652 -0.30901699
vn 1.00000000 -8.0162962e-18 0.0000000e+0
vn 9.3452682e-17 -0.30901699 0.95105652
vn 1.00000000 -8.0162962e-18 0.0000000e+0
vn 2.5393613e-17 -0.65695285 0.75393166
vn 2.5393613e-17 -0.65695285 0.75393166
vn 2.5393613e-17 -0.65695285 0.75393166
vn 2.5393613e-17 -0.65695285 0.75393166
vn 1.00000000 -2.0560675e-13 0.0000000e+0
vn 1.00000000 -2.0560675e-13 0.0000000e+0
vn 1.00000000 -2.0560675e-13 0.0000000e+0
vn 1.00000000 -2.3850492e-13 0.0000000e+0
vn -1.0726961e-16 0.65691614 -0.75396365
vn -1.0726961e-16 0.65691614 -0.75396365
vn 1.00000000 -2.3850492e-13 0.0000000e+0
vn 1.00000000 -2.3850492e-13 0.0000000e+0
vn -1.00000000 0.0000000e+0 0.0000000e+0
vn 0.0000000e+0 -0.65695285 0.75393166
vn -1.00000000 0.0000000e+0 0.0000000e+0
vn -1.00000000 0.0000000e+0 0.0000000e+0
vn 0.0000000e+0 -0.65695285 0.75393166
vn -1.00000000 0.0000000e+0 0.0000000e+0
vn -1.2478213e-16 0.65691614 -0.75396365
vn -1.2478213e-16 0.65691614 -0.75396365
vn -1.00000000 0.0000000e+0 0.0000000e+0
vn -1.00000000 0.0000000e+0 0.0000000e+0
vn -1.2478213e-16 0.65691614 -0.75396365
vn -1.2478213e-16 0.65691614 -0.75396365
vn -1.00000000 -6.1764230e-15 0.0000000e+0
vn -1.00000000 -6.1764230e-15 0.0000000e+0
vn -9.8678475e-17 -0.30901699 -0.95105652
vn 0.0000000e+0 -0.95105652 0.30901699
vn -1.00000000 1.5527283e-13 0.0000000e+0
vn -7.7098821e-16 0.95105652 -0.30901699
vn 2.2337714e-16 -0.89176828 -0.45249236
vn -1.00000000 7.7636417e-14 0.0000000e+0
vn -4.3368087e-16 0.95105652 -0.30901699
vn 1.6439374e-16 0.89171045 0.45260632
vn -1.00000000 7.7636417e-14 0.0000000e+0
vn 1.6439374e-16 0.89171045 0.45260632
vn -4.3368087e-16 0.95105652 -0.30901699
vn 9.8694508e-17 0.30901699 0.95105652
vn 1.8070036e-17 -0.95105652 0.30901699
vn -1.00000000 -1.1103132e-13 0.0000000e+0
vn 9.8694508e-17 0.30901699 0.95105652
vn 1.8070036e-17 -0.95105652 0.30901699
vn 1.8070036e-17 -0.95105652 0.30901699
vn 1.00000000 -1.2336814e-14 0.0000000e+0
vn -9.8678475e-17 -0.30901699 -0.95105652
vn -9.8678475e-17 -0.30901699 -0.95105652
vn 1.00000000 -1.2336814e-14 0.0000000e+0
vn 1.8070036e-17 -0.95105652 0.30901699
vn -4.3368087e-16 0.95105652 -0.30901699
vn 1.6649346e-16 -0.89176828 -0.45249236
vn -4.3368087e-16 0.95105652 -0.30901699
vn 1.6649346e-16 -0.89176828 -0.45249236
vn 1.00000000 0.0000000e+0 0.0000000e+0
vn -9.6373526e-17 0.95105652 -0.30901699
vn 2.1919166e-16 0.89171045 0.45260632
vn 1.00000000 0.0000000e+0 0.0000000e+0
vn 1.00000000 0.0000000e+0 0.0000000e+0
vn 3.6140072e-17 -0.95105652 0.30901699
vn 1.9738902e-16 0.30901699 0.95105652
vn 1.00000000 -2.4673627e-14 0.0000000e+0
vn 1.4242819e-16 0.65003827 0.75990148
vn 1.00000000 -8.2245423e-15 0.0000000e+0
vn 1.4242819e-16 0.65003827 0.75990148
vn 1.4242819e-16 0.65003827 0.75990148
vn 1.4242819e-16 0.65003827 0.75990148
vn 1.00000000 -8.2245423e-15 0.0000000e+0
vn 1.00000000 -8.2245423e-15 0.0000000e+0
vn 1.00000000 0.0000000e+0 0.0000000e+0
vn 5.9180468e-18 -0.65008682 -0.75985994
vn 5.9180468e-18 -0.65008682 -0.75985994
vn 1.00000000 0.0000000e+0 0.0000000e+0
vn 1.00000000 0.0000000e+0 0.0000000e+0
vn 5.9331935e-17 0.65003827 0.75990148
vn -1.00000000 -4.1176154e-15 0.0000000e+0
vn -1.00000000 -4.1176154e-15 0.0000000e+0
vn -1.00000000 -4.1176154e-15 0.0000000e+0
vn 5.9331935e-17 0.65003827 0.75990148
vn -1.00000000 8.4650437e-14 0.0000000e+0
vn 3.6713999e-17 -0.65008682 -0.75985994
vn 3.6713999e-17 -0.65008682 -0.75985994
vn -1.00000000 8.4650437e-14 0.0000000e+0
vn -1.00000000 8.4650437e-14 0.0000000e+0
vn 3.6713999e-17 -0.65008682 -0.75985994
vn 3.6713999e-17 -0.65008682 -0.75985994
vn 0.75470958 5.9211895e-13 -0.65605903
vn -0.30232478 -0.88749389 -0.34778488
vn 0.58224838 -0.46081948 0.66980014
vn 0.75470958 3.2805548e-13 -0.65605903
vn 0.30232478 0.88749389 0.34778488
vn 0.58224838 -0.46081948 0.66980014
vn 0.75470958 3.2805548e-13 -0.65605903
vn 0.30232478 0.88749389 0.34778488
vn 0.58224838 -0.46081948 0.66980014
vn 0.75470958 6.3992022e-14 -0.65605903
vn -0.58224838 0.46081948 -0.66980014
vn 0.30232478 0.88749389 0.34778488
vn 0.75470958 3.2805548e-13 -0.65605903
vn -0.58224838 0.46081948 -0.66980014
vn -0.30232478 -0.88749389 -0.34778488
vn 0.75470958 3.2805548e-13 -0.65605903
vn -0.58224838 0.46081948 -0.66980014
vn -0.30232478 -0.88749389 -0.34778488
vn -0.30232478 -0.88749389 -0.34778488
vn -0.75470958 -1.4576496e-14 0.65605903
vn 0.58224838 -0.46081948 0.66980014
vn -0.75470958 -1.4576496e-14 0.65605903
vn -0.30232478 -0.88749389 -0.34778488
vn 0.58224838 -0.46081948 0.66980014
vn 0.30232478 0.88749389 0.34778488
vn 0.58224838 -0.46081948 0.66980014
vn -0.75470958 -1.2335811e-14 0.65605903
vn -0.58224838 0.46081948 -0.66980014
vn 0.30232478 0.88749389 0.34778488
vn -0.75470958 -1.4576496e-14 0.65605903
vn -0.58224838 0.46081948 -0.66980014
vn -0.75470958 -1.4576496e-14 0.65605903
vn 0.30232478 0.88749389 0.34778488
vn -0.58224838 0.46081948 -0.66980014
vn -0.30232478 -0.88749389 -0.34778488
vn -0.75470958 -1.6817180e-14 0.65605903
vn 0.65605903 0.0000000e+0 0.75470958
vn -0.50636821 -0.74150761 0.44017917
vn -0.55962290 0.67094445 0.48647277
vn 0.65605903 4.3753581e-14 0.75470958
vn 0.50636821 0.74150761 -0.44017917
vn -0.55962290 0.67094445 0.48647277
vn 0.65605903 4.3753581e-14 0.75470958
vn 0.50636821 0.74150761 -0.44017917
vn -0.55962290 0.67094445 0.48647277
vn 0.65605903 8.7507162e-14 0.75470958
vn 0.55962290 -0.67094445 -0.48647277
vn 0.50636821 0.74150761 -0.44017917
vn 0.65605903 4.3753581e-14 0.75470958
vn 0.55962290 -0.67094445 -0.48647277
vn -0.50636821 -0.74150761 0.44017917
vn 0.65605903 4.3753581e-14 0.75470958
vn 0.55962290 -0.67094445 -0.48647277
vn -0.50636821 -0.74150761 0.44017917
vn -0.50636821 -0.74150761 0.44017917
vn -0.65605903 5.2318778e-14 -0.75470958
vn -0.55962290 0.67094445 0.48647277
vn -0.65605903 5.2318778e-14 -0.75470958
vn -0.50636821 -0.74150761 0.44017917
vn -0.55962290 0.67094445 0.48647277
vn 0.50636821 0.74150761 -0.44017917
vn -0.55962290 0.67094445 0.48647277
vn -0.65605903 -1.9737298e-13 -0.75470958
vn 0.55962290 -0.67094445 -0.48647277
vn 0.50636821 0.74150761 -0.44017917
vn -0.65605903 5.2318778e-14 -0.75470958
vn 0.55962290 -0.67094445 -0.48647277
vn -0.65605903 5.2318778e-14 -0.75470958
vn 0.50636821 0.74150761 -0.44017917
vn 0.55962290 -0.67094445 -0.48647277
vn -0.50636821 -0.74150761 0.44017917
vn -0.65605903 3.0201054e-13 -0.75470958
vn 0.65605903 2.9605947e-13 0.75470958
vn 0.58285486 -0.63526983 -0.50666800
vn -0.47944423 -0.77229026 0.41677451
vn 0.65605903 -4.8037384e-13 0.75470958
vn -0.58285486 0.63526983 0.50666800
vn -0.47944423 -0.77229026 0.41677451
vn 0.65605903 -4.8037384e-13 0.75470958
vn -0.58285486 0.63526983 0.50666800
vn -0.47944423 -0.77229026 0.41677451
vn 0.65605903 -1.2568072e-12 0.75470958
vn 0.47944423 0.77229026 -0.41677451
vn -0.58285486 0.63526983 0.50666800
vn 0.65605903 -4.8037384e-13 0.75470958
vn 0.47944423 0.77229026 -0.41677451
vn 0.58285486 -0.63526983 -0.50666800
vn 0.65605903 -4.8037384e-13 0.75470958
vn 0.47944423 0.77229026 -0.41677451
vn 0.58285486 -0.63526983 -0.50666800
vn 0.58285486 -0.63526983 -0.50666800
vn -0.65605903 4.3729488e-13 -0.75470958
vn -0.47944423 -0.77229026 0.41677451
vn -0.65605903 4.3729488e-13 -0.75470958
vn 0.58285486 -0.63526983 -0.50666800
vn -0.47944423 -0.77229026 0.41677451
vn -0.58285486 0.63526983 0.50666800
vn -0.47944423 -0.77229026 0.41677451
vn -0.65605903 7.8949193e-13 -0.75470958
vn 0.47944423 0.77229026 -0.41677451
vn -0.58285486 0.63526983 0.50666800
vn -0.65605903 4.3729488e-13 -0.75470958
vn 0.47944423 0.77229026 -0.41677451
vn -0.65605903 4.3729488e-13 -0.75470958
vn -0.58285486 0.63526983 0.50666800
vn 0.47944423 0.77229026 -0.41677451
vn 0.58285486 -0.63526983 -0.50666800
vn -0.65605903 8.5097824e-14 -0.75470958
vn 0.75470958 -8.3883517e-13 -0.65605903
vn 0.49241991 -0.66078803 0.56646431
vn 0.43351595 0.75057257 0.49870306
vn 0.75470958 -4.1414114e-13 -0.65605903
vn -0.49241991 0.66078803 -0.56646431
vn 0.43351595 0.75057257 0.49870306
vn 0.75470958 -4.1414114e-13 -0.65605903
vn -0.49241991 0.66078803 -0.56646431
vn 0.43351595 0.75057257 0.49870306
vn 0.75470958 1.0552901e-14 -0.65605903
vn -0.43351595 -0.75057257 -0.49870306
vn -0.49241991 0.66078803 -0.56646431
vn 0.75470958 -4.1414114e-13 -0.65605903
vn -0.43351595 -0.75057257 -0.49870306
vn 0.49241991 -0.66078803 0.56646431
vn 0.75470958 -4.1414114e-13 -0.65605903
vn -0.43351595 -0.75057257 -0.49870306
vn 0.49241991 -0.66078803 0.56646431
vn 0.49241991 -0.66078803 0.56646431
vn -0.75470958 -1.4370497e-13 0.65605903
vn 0.43351595 0.75057257 0.49870306
vn -0.75470958 -1.4370497e-13 0.65605903
vn 0.49241991 -0.66078803 0.56646431
vn 0.43351595 0.75057257 0.49870306
vn -0.49241991 0.66078803 -0.56646431
vn 0.43351595 0.75057257 0.49870306
vn -0.75470958 0.0000000e+0 0.65605903
vn -0.43351595 -0.75057257 -0.49870306
vn -0.49241991 0.66078803 -0.56646431
vn -0.75470958 -1.4370497e-13 0.65605903
vn -0.43351595 -0.75057257 -0.49870306
vn -0.75470958 -1.4370497e-13 0.65605903
vn -0.49241991 0.66078803 -0.56646431
vn -0.43351595 -0.75057257 -0.49870306
vn 0.49241991 -0.66078803 0.56646431
vn -0.75470958 -2.8740995e-13 0.65605903
vn 3.9477803e-13 0.0000000e+0 -1.00000000
vn 0.95105652 0.30901699 -4.9347254e-17
vn 0.30901699 -0.95105652 -1.2046691e-17
vn 7.5129856e-14 -7.4002483e-14 -1.00000000
vn 7.5129856e-14 -7.4002483e-14 -1.00000000
vn -0.30901699 0.95105652 3.8549411e-16
vn 0.68896126 0.72479817 -5.9665648e-16
vn -0.30901699 0.95105652 1.9274705e-16
vn -0.68890761 -0.72484916 0.0000000e+0
vn 1.5025971e-13 0.0000000e+0 -1.00000000
vn -0.68890761 -0.72484916 0.0000000e+0
vn -0.30901699 0.95105652 1.9274705e-16
vn -0.95105652 -0.30901699 1.1792329e-16
vn 0.30901699 -0.95105652 -1.5632493e-17
vn 3.2065185e-17 -2.2832943e-14 -1.00000000
vn 3.2065185e-17 -2.2832943e-14 -1.00000000
vn -0.95105652 -0.30901699 1.1792329e-16
vn 0.30901699 -0.95105652 -1.5632493e-17
vn 0.30901699 -0.95105652 -1.5632493e-17
vn -1.9738902e-13 0.0000000e+0 1.00000000
vn 0.95105652 0.30901699 -9.8694508e-17
vn 0.95105652 0.30901699 -9.8694508e-17
vn 0.30901699 -0.95105652 -1.5632493e-17
vn -0.30901699 0.95105652 1.9274705e-16
vn 0.68896126 0.72479817 -2.9832824e-16
vn -0.30901699 0.95105652 1.9274705e-16
vn 0.68896126 0.72479817 -2.9832824e-16
vn -2.6205042e-17 0.0000000e+0 1.00000000
vn -2.6205042e-17 0.0000000e+0 1.00000000
vn -0.30901699 0.95105652 0.0000000e+0
vn -0.68890761 -0.72484916 0.0000000e+0
vn -5.2410084e-17 0.0000000e+0 1.00000000
vn 0.30901699 -0.95105652 -1.9218295e-17
vn -9.8694508e-14 0.0000000e+0 1.00000000
vn -0.95105652 -0.30901699 8.7828874e-17
vn -9.8694508e-14 0.0000000e+0 1.00000000
vn -0.84593125 -0.53329196 6.0827550e-17
vn -0.84593125 -0.53329196 6.0827550e-17
vn -0.84593125 -0.53329196 6.0827550e-17
vn -0.84593125 -0.53329196 6.0827550e-17
vn -1.7470028e-17 0.0000000e+0 1.00000000
vn -1.7470028e-17 0.0000000e+0 1.00000000
vn -1.7470028e-17 0.0000000e+0 1.00000000
vn -6.5796339e-14 0.0000000e+0 1.00000000
vn 0.84595099 0.53326066 -7.6362633e-17
vn 0.84595099 0.53326066 -7.6362633e-17
vn -6.5796339e-14 0.0000000e+0 1.00000000
vn -6.5796339e-14 0.0000000e+0 1.00000000
vn -8.1484730e-14 -6.4556951e-14 -1.00000000
vn -0.84593125 -0.53329196 7.6350944e-17
vn -8.1484730e-14 -6.4556951e-14 -1.00000000
vn -8.1484730e-14 -6.4556951e-14 -1.00000000
vn -0.84593125 -0.53329196 7.6350944e-17
vn 2.1376790e-17 -6.4556951e-14 -1.00000000
vn 0.84595099 0.53326066 -2.0479155e-16
vn 0.84595099 0.53326066 -2.0479155e-16
vn 2.1376790e-17 -6.4556951e-14 -1.00000000
vn 2.1376790e-17 -6.4556951e-14 -1.00000000
vn 0.84595099 0.53326066 -2.0479155e-16
vn 0.84595099 0.53326066 -2.0479155e-16
vn 8.2333773e-14 0.0000000e+0 -1.00000000
vn 8.2333773e-14 0.0000000e+0 -1.00000000
vn 0.95105652 -0.30901699 -1.4801771e-16
vn -0.30901699 -0.95105652 2.4093382e-17
vn 0.0000000e+0 0.0000000e+0 -1.00000000
vn 0.30901699 0.95105652 -7.7098821e-16
vn 0.40169894 -0.91577179 -5.5323766e-17
vn 0.30901699 0.95105652 -3.8549411e-16
vn -0.40180168 0.91572671 0.0000000e+0
vn 0.0000000e+0 0.0000000e+0 -1.00000000
vn 0.0000000e+0 0.0000000e+0 -1.00000000
vn -0.40180168 0.91572671 0.0000000e+0
vn 0.30901699 0.95105652 -3.8549411e-16
vn 1.6466755e-13 0.0000000e+0 -1.00000000
vn -0.95105652 0.30901699 1.1792530e-16
vn -0.30901699 -0.95105652 3.0721976e-17
vn -0.95105652 0.30901699 1.1792530e-16
vn -0.30901699 -0.95105652 3.0721976e-17
vn -0.30901699 -0.95105652 3.0721976e-17
vn 4.7516008e-14 0.0000000e+0 1.00000000
vn 0.95105652 -0.30901699 -1.7268733e-16
vn 0.95105652 -0.30901699 -1.7268733e-16
vn 4.7516008e-14 0.0000000e+0 1.00000000
vn -0.30901699 -0.95105652 3.0721976e-17
vn 0.30901699 0.95105652 -3.8549411e-16
vn 0.40169894 -0.91577179 1.5486790e-16
vn 0.30901699 0.95105652 -3.8549411e-16
vn 0.40169894 -0.91577179 1.5486790e-16
vn 5.4880510e-14 0.0000000e+0 1.00000000
vn 0.30901699 0.95105652 0.0000000e+0
vn -0.40180168 0.91572671 0.0000000e+0
vn 2.7440255e-14 0.0000000e+0 1.00000000
vn 2.7440255e-14 0.0000000e+0 1.00000000
vn -0.30901699 -0.95105652 3.7350571e-17
vn -0.95105652 0.30901699 1.3715609e-16
vn 9.5032017e-14 0.0000000e+0 1.00000000
vn -0.74133696 0.67113300 6.4620507e-17
vn 3.1677339e-14 0.0000000e+0 1.00000000
vn -0.74133696 0.67113300 6.4620507e-17
vn -0.74133696 0.67113300 6.4620507e-17
vn -0.74133696 0.67113300 6.4620507e-17
vn 3.1677339e-14 0.0000000e+0 1.00000000
vn 3.1677339e-14 0.0000000e+0 1.00000000
vn 1.8293503e-14 0.0000000e+0 1.00000000
vn 0.74129931 -0.67117459 9.1899714e-17
vn 0.74129931 -0.67117459 9.1899714e-17
vn 1.8293503e-14 0.0000000e+0 1.00000000
vn 1.8293503e-14 0.0000000e+0 1.00000000
vn 5.4889182e-14 0.0000000e+0 -1.00000000
vn -0.74133696 0.67113300 5.4082451e-17
vn 5.4889182e-14 0.0000000e+0 -1.00000000
vn 5.4889182e-14 0.0000000e+0 -1.00000000
vn -0.74133696 0.67113300 5.4082451e-17
vn 0.74129931 -0.67117459 -9.7649060e-18
vn 0.74129931 -0.67117459 -9.7649060e-18
vn 0.0000000e+0 0.0000000e+0 -1.00000000
vn 0.0000000e+0 0.0000000e+0 -1.00000000
vn 0.0000000e+0 0.0000000e+0 -1.00000000
vn 0.74129931 -0.67117459 -9.7649060e-18
vn 0.74129931 -0.67117459 -9.7649060e-18
vn 0.97017336 4.7383490e-3 -0.24236583
vn 0.24152574 6.6528767e-2 0.96811117
vn 2.0711549e-2 -0.99777326 6.3400004e-2
vn 0.97017336 4.7383490e-3 -0.24236583
vn 0.97017336 4.7383490e-3 -0.24236583
vn -2.0711549e-2 0.99777326 -6.3400004e-2
vn 0.15245132 0.76541713 0.62521613
vn -2.0711549e-2 0.99777326 -6.3400004e-2
vn -0.15243297 -0.76547981 -0.62514386
vn 0.97017336 4.7383490e-3 -0.24236583
vn -0.15243297 -0.76547981 -0.62514386
vn -2.0711549e-2 0.99777326 -6.3400004e-2
vn -0.24152574 -6.6528767e-2 -0.96811117
vn 2.0711549e-2 -0.99777326 6.3400004e-2
vn 0.97017336 4.7383490e-3 -0.24236583
vn 0.97017336 4.7383490e-3 -0.24236583
vn -0.24152574 -6.6528767e-2 -0.96811117
vn 2.0711549e-2 -0.99777326 6.3400004e-2
vn 2.0711549e-2 -0.99777326 6.3400004e-2
vn -0.97017336 -4.7383490e-3 0.24236583
vn 0.24152574 6.6528767e-2 0.96811117
vn 0.24152574 6.6528767e-2 0.96811117
vn 2.0711549e-2 -0.99777326 6.3400004e-2
vn -2.0711549e-2 0.99777326 -6.3400004e-2
vn 0.15245132 0.76541713 0.62521613
vn -2.0711549e-2 0.99777326 -6.3400004e-2
vn 0.15245132 0.76541713 0.62521613
vn -0.97017336 -4.7383490e-3 0.24236583
vn -0.97017336 -4.7383490e-3 0.24236583
vn -2.0711549e-2 0.99777326 -6.3400004e-2
vn -0.15243297 -0.76547981 -0.62514386
vn -0.97017336 -4.7383490e-3 0.24236583
vn 2.0711549e-2 -0.99777326 6.3400004e-2
vn -0.97017336 -4.7383490e-3 0.24236583
vn -0.24152574 -6.6528767e-2 -0.96811117
vn -0.97017336 -4.7383490e-3 0.24236583
vn -0.21409840 -0.45215832 -0.86586069
vn -0.21409840 -0.45215832 -0.86586069
vn -0.21409840 -0.45215832 -0.86586069
vn -0.21409840 -0.45215832 -0.86586069
vn -0.97017336 -4.7383490e-3 0.24236583
vn -0.97017336 -4.7383490e-3 0.24236583
vn -0.97017336 -4.7383490e-3 0.24236583
vn -0.97017336 -4.7383490e-3 0.24236583
vn 0.21410394 0.45211488 0.86588200
vn 0.21410394 0.45211488 0.86588200
vn -0.97017336 -4.7383490e-3 0.24236583
vn -0.97017336 -4.7383490e-3 0.24236583
vn 0.97017336 4.7383490e-3 -0.24236583
vn -0.21409840 -0.45215832 -0.86586069
vn 0.97017336 4.7383490e-3 -0.24236583
vn 0.97017336 4.7383490e-3 -0.24236583
vn -0.21409840 -0.45215832 -0.86586069
vn 0.97017336 4.7383490e-3 -0.24236583
vn 0.21410394 0.45211488 0.86588200
vn 0.21410394 0.45211488 0.86588200
vn 0.97017336 4.7383490e-3 -0.24236583
vn 0.97017336 4.7383490e-3 -0.24236583
vn 0.21410394 0.45211488 0.86588200
vn 0.21410394 0.45211488 0.86588200
vn 0.97017336 4.7383490e-3 -0.24236583
vn 0.97017336 4.7383490e-3 -0.24236583
vn 0.20757237 -0.53265350 0.82048398
vn -0.12520927 -0.84632015 -0.51774979
vn 0.97017336 4.7383490e-3 -0.24236583
vn 0.12520927 0.84632015 0.51774979
vn 5.7843938e-2 -0.97545301 0.21247471
vn 0.12520927 0.84632015 0.51774979
vn -5.7874020e-2 0.97542487 -0.21259568
vn 0.97017336 4.7383490e-3 -0.24236583
vn 0.97017336 4.7383490e-3 -0.24236583
vn -5.7874020e-2 0.97542487 -0.21259568
vn 0.12520927 0.84632015 0.51774979
vn 0.97017336 4.7383490e-3 -0.24236583
vn -0.20757237 0.53265350 -0.82048398
vn -0.12520927 -0.84632015 -0.51774979
vn -0.20757237 0.53265350 -0.82048398
vn -0.12520927 -0.84632015 -0.51774979
vn -0.12520927 -0.84632015 -0.51774979
vn -0.97017336 -4.7383490e-3 0.24236583
vn 0.20757237 -0.53265350 0.82048398
vn 0.20757237 -0.53265350 0.82048398
vn -0.97017336 -4.7383490e-3 0.24236583
vn -0.12520927 -0.84632015 -0.51774979
vn 0.12520927 0.84632015 0.51774979
vn 5.7843938e-2 -0.97545301 0.21247471
vn 0.12520927 0.84632015 0.51774979
vn 5.7843938e-2 -0.97545301 0.21247471
vn -0.97017336 -4.7383490e-3 0.24236583
vn 0.12520927 0.84632015 0.51774979
vn -5.7874020e-2 0.97542487 -0.21259568
vn -0.97017336 -4.7383490e-3 0.24236583
vn -0.97017336 -4.7383490e-3 0.24236583
vn -0.12520927 -0.84632015 -0.51774979
vn -0.20757237 0.53265350 -0.82048398
vn -0.97017336 -4.7383490e-3 0.24236583
vn -0.14370481 0.81642895 -0.55927872
vn -0.97017336 -4.7383490e-3 0.24236583
vn -0.14370481 0.81642895 -0.55927872
vn -0.14370481 0.81642895 -0.55927872
vn -0.14370481 0.81642895 -0.55927872
vn -0.97017336 -4.7383490e-3 0.24236583
vn -0.97017336 -4.7383490e-3 0.24236583
vn -0.97017336 -4.7383490e-3 0.24236583
vn 0.14369234 -0.81646585 0.55922807
vn 0.14369234 -0.81646585 0.55922807
vn -0.97017336 -4.7383490e-3 0.24236583
vn -0.97017336 -4.7383490e-3 0.24236583
vn 0.97017336 4.7383490e-3 -0.24236583
vn -0.14370481 0.81642895 -0.55927872
vn 0.97017336 4.7383490e-3 -0.24236583
vn 0.97017336 4.7383490e-3 -0.24236583
vn -0.14370481 0.81642895 -0.55927872
vn 0.14369234 -0.81646585 0.55922807
vn 0.14369234 -0.81646585 0.55922807
vn 0.97017336 4.7383490e-3 -0.24236583
vn 0.97017336 4.7383490e-3 -0.24236583
vn 0.97017336 4.7383490e-3 -0.24236583
vn 0.14369234 -0.81646585 0.55922807
vn 0.14369234 -0.81646585 0.55922807
vn -0.57730041 -0.16434746 0.79982132
vn 0.32666427 -0.94421726 4.1763967e-2
vn -0.74834129 -0.28538340 -0.59878346
vn -0.57730041 -0.16434746 0.79982132
vn -0.32666427 0.94421726 -4.1763967e-2
vn -0.74834129 -0.28538340 -0.59878346
vn -0.57730041 -0.16434746 0.79982132
vn -0.32666427 0.94421726 -4.1763967e-2
vn -0.74834129 -0.28538340 -0.59878346
vn -0.57730041 -0.16434746 0.79982132
vn 0.74834129 0.28538340 0.59878346
vn -0.32666427 0.94421726 -4.1763967e-2
vn -0.57730041 -0.16434746 0.79982132
vn 0.74834129 0.28538340 0.59878346
vn 0.32666427 -0.94421726 4.1763967e-2
vn -0.57730041 -0.16434746 0.79982132
vn 0.74834129 0.28538340 0.59878346
vn 0.32666427 -0.94421726 4.1763967e-2
vn 0.32666427 -0.94421726 4.1763967e-2
vn 0.57730041 0.16434746 -0.79982132
vn -0.74834129 -0.28538340 -0.59878346
vn 0.57730041 0.16434746 -0.79982132
vn 0.32666427 -0.94421726 4.1763967e-2
vn -0.74834129 -0.28538340 -0.59878346
vn -0.32666427 0.94421726 -4.1763967e-2
vn -0.74834129 -0.28538340 -0.59878346
vn 0.57730041 0.16434746 -0.79982132
vn 0.74834129 0.28538340 0.59878346
vn -0.32666427 0.94421726 -4.1763967e-2
vn 0.57730041 0.16434746 -0.79982132
vn 0.74834129 0.28538340 0.59878346
vn 0.57730041 0.16434746 -0.79982132
vn -0.32666427 0.94421726 -4.1763967e-2
vn 0.74834129 0.28538340 0.59878346
vn 0.32666427 -0.94421726 4.1763967e-2
vn 0.57730041 0.16434746 -0.79982132
vn -0.81468158 0.18183768 -0.55066231
vn 0.34659979 -0.60862160 -0.71375650
vn 0.46493280 0.77234371 -0.43280790
vn -0.81468158 0.18183768 -0.55066231
vn -0.34659979 0.60862160 0.71375650
vn 0.46493280 0.77234371 -0.43280790
vn -0.81468158 0.18183768 -0.55066231
vn -0.34659979 0.60862160 0.71375650
vn 0.46493280 0.77234371 -0.43280790
vn -0.81468158 0.18183768 -0.55066231
vn -0.46493280 -0.77234371 0.43280790
vn -0.34659979 0.60862160 0.71375650
vn -0.81468158 0.18183768 -0.55066231
vn -0.46493280 -0.77234371 0.43280790
vn 0.34659979 -0.60862160 -0.71375650
vn -0.81468158 0.18183768 -0.55066231
vn -0.46493280 -0.77234371 0.43280790
vn 0.34659979 -0.60862160 -0.71375650
vn 0.34659979 -0.60862160 -0.71375650
vn 0.81468158 -0.18183768 0.55066231
vn 0.46493280 0.77234371 -0.43280790
vn 0.81468158 -0.18183768 0.55066231
vn 0.34659979 -0.60862160 -0.71375650
vn 0.46493280 0.77234371 -0.43280790
vn -0.34659979 0.60862160 0.71375650
vn 0.46493280 0.77234371 -0.43280790
vn 0.81468158 -0.18183768 0.55066231
vn -0.46493280 -0.77234371 0.43280790
vn -0.34659979 0.60862160 0.71375650
vn 0.81468158 -0.18183768 0.55066231
vn -0.46493280 -0.77234371 0.43280790
vn 0.81468158 -0.18183768 0.55066231
vn -0.34659979 0.60862160 0.71375650
vn -0.46493280 -0.77234371 0.43280790
vn 0.34659979 -0.60862160 -0.71375650
vn 0.81468158 -0.18183768 0.55066231
vn -0.81468158 0.18183768 -0.55066231
vn -0.48074375 -0.74281631 0.46594997
vn 0.32431368 -0.64432832 -0.69257610
vn -0.81468158 0.18183768 -0.55066231
vn 0.48074375 0.74281631 -0.46594997
vn 0.32431368 -0.64432832 -0.69257610
vn -0.81468158 0.18183768 -0.55066231
vn 0.48074375 0.74281631 -0.46594997
vn 0.32431368 -0.64432832 -0.69257610
vn -0.81468158 0.18183768 -0.55066231
vn -0.32431368 0.64432832 0.69257610
vn 0.48074375 0.74281631 -0.46594997
vn -0.81468158 0.18183768 -0.55066231
vn -0.32431368 0.64432832 0.69257610
vn -0.48074375 -0.74281631 0.46594997
vn -0.81468158 0.18183768 -0.55066231
vn -0.32431368 0.64432832 0.69257610
vn -0.48074375 -0.74281631 0.46594997
vn -0.48074375 -0.74281631 0.46594997
vn 0.81468158 -0.18183768 0.55066231
vn 0.32431368 -0.64432832 -0.69257610
