# Exported from Wings 3D 2.1.5
mtllib paprota_big_light.mtl
o light
#212 vertices, 348 faces
v -20.22644915 -3.19842407 5.68089418
v -20.22644915 54.15256742 59.74189924
v -20.22644915 54.14656260 59.76038017
v -20.22644915 -3.20442888 5.69937511
v 18.63755085 -3.19842407 5.68089418
v 18.63755085 54.15256742 59.74189924
v 18.63755085 54.14656260 59.76038017
v 18.63755085 -3.20442888 5.69937511
v 18.63755085 33.76043397 17.70998712
v 18.63755085 33.76043397 17.68955511
v -20.22644915 33.76043397 17.70998712
v -20.22644915 33.76043397 17.68955511
v 5.68237384 0.95909080 5.73161965
v 25.36186780 29.77704271 -11.37550346
v 25.36730509 29.77052382 -11.38023003
v 5.68781114 0.95257190 5.72689308
v -7.06616521 0.95909080 -8.93389691
v 12.61332875 29.77704271 -26.04102002
v 12.61876604 29.77052382 -26.04574659
v -7.06072792 0.95257190 -8.93862348
v 29.06535393 -4.66698306 9.17798815
v 36.37724078 17.98645116 38.88983996
v 36.37499006 17.99222675 38.88094341
v 29.06310321 -4.66120747 9.16909159
v 8.02606576 -4.76973943 14.43396076
v 15.33795261 17.88369479 44.14581257
v 15.33570189 17.88947038 44.13691601
v 8.02381504 -4.76396384 14.42506420
v 10.73889674 13.58793885 25.65213207
v 10.74158858 13.58514495 25.66285272
v 31.77818491 13.69069522 20.39615946
v 31.78087676 13.68790132 20.40688011
v -3.46252806 -3.45657748 10.78089416
v -2.54143552 34.96150971 -10.60393212
v -2.54087463 34.96078834 -10.61473661
v -3.46196717 -3.45729886 10.77008968
v -25.11958845 -3.55933385 9.66347288
v -24.19849591 34.85875334 -11.72135340
v -24.19793502 34.85803197 -11.73215788
v -25.11902756 -3.56005523 9.65266840
v -25.14708001 18.07952500 8.20641801
v -25.14763635 18.07673110 8.21745743
v -3.49001963 18.18228137 9.32383928
v -3.49057596 18.17948747 9.33487870
v 23.05018884 -6.62911122 -18.16106694
v 15.33810612 28.62467665 -41.55399120
v 15.33091813 28.62147703 -41.56145223
v 23.04300084 -6.63231084 -18.16852797
v 6.81637778 -1.31479338 -4.80034623
v -0.89570494 33.93899449 -28.19327048
v -0.90289294 33.93579487 -28.20073152
v 6.80918978 -1.31799300 -4.80780726
v 6.52336809 18.71099535 -13.12175887
v 6.53060252 18.71094133 -13.11294726
v 22.75717915 13.39667751 -26.48247958
v 22.76441358 13.39662348 -26.47366798
v 11.46990355 -4.42306123 -18.72032352
v 35.18684549 18.23037299 -38.05331326
v 35.17977025 18.23614858 -38.04746900
v 11.46282831 -4.41728564 -18.71447926
v 25.23060118 -4.52581760 -1.95965243
v 48.94754313 18.12761662 -21.29264216
v 48.94046789 18.13339221 -21.28679790
v 25.22352594 -4.52004201 -1.95380817
v 34.20581070 13.83186068 -9.21585210
v 34.21434532 13.82906678 -9.22287624
v 20.44511307 13.93461705 -25.97652319
v 20.45364769 13.93182315 -25.98354733
v -18.08038310 -7.19655524 24.56798867
v -46.73629642 21.79952543 30.46231027
v -46.72605556 21.80282278 30.46366087
v -18.07014224 -7.19325790 24.56933926
v -17.02216982 -1.88223740 3.56975864
v -45.67808314 27.11384328 9.46408024
v -45.66784228 27.11714062 9.46543084
v -17.01192896 -1.87894006 3.57110924
v -24.05881226 18.08329288 8.26810251
v -24.07019805 18.08323886 8.26751505
v -25.11702555 12.76897504 29.26633254
v -25.12841134 12.76892102 29.26574507
v -11.97388585 -7.16433296 24.88388272
v 10.51156203 28.08945492 34.93921754
v 10.52191826 28.08625530 34.93892967
v -11.96352962 -7.16753258 24.88359485
v -10.91567257 -1.85001512 3.88565269
v 11.56977532 33.40377276 13.94098751
v 11.58013154 33.40057314 13.94069965
v -10.90531634 -1.85321474 3.88536483
v -4.56745792 18.17577361 9.27378166
v -4.57884371 18.17571959 9.27319420
v -5.62567120 12.86145577 30.27201168
v -5.63705699 12.86140175 30.27142422
v -3.76085056 -4.95828297 16.70086209
v -5.44469860 17.69515125 47.25282575
v -5.44425308 17.70092684 47.24365973
v -3.76040503 -4.95250738 16.69169607
v -25.41791094 -5.06103934 15.58344082
v -27.10175899 17.59239488 46.13540447
v -27.10131346 17.59817047 46.12623845
v -25.41746542 -5.05526375 15.57427480
v -26.09947196 13.29663894 27.10482503
v -26.10002830 13.29384504 27.11586445
v -4.44241158 13.39939531 28.22224630
v -4.44296792 13.39660141 28.23328573
v -20.26587112 -4.49811460 -20.03942864
v -34.85277690 30.75567327 -0.19182666
v -34.85468761 30.75247365 -0.18164415
v -20.26778183 -4.50131422 -20.02924614
v 3.2594715e-2 0.81620324 -14.56058164
v -14.55431107 36.06999111 5.28702035
v -14.55622178 36.06679149 5.29720285
v 3.0683999e-2 0.81300362 -14.55039913
v -6.57715138 20.84199197 -9.49668793
v -6.57416724 20.84193794 -9.50769139
v -26.87561721 15.52767412 -14.97553493
v -26.87263307 15.52762010 -14.98653840
v -14.00668086 -2.29206462 -10.28041678
v -43.50998689 20.36136960 -18.39292321
v -43.50112286 20.36714520 -18.39054764
v -13.99781682 -2.28628902 -10.27804121
v -8.33051543 -2.39482098 -31.21025292
v -37.83382146 20.25861324 -39.32275935
v -37.82495743 20.26438883 -39.32038378
v -8.32165140 -2.38904539 -31.20787735
v -19.44658563 15.96285730 -34.31505609
v -19.45725717 15.96006340 -34.31793649
v -25.12275106 16.06561367 -13.38521995
v -25.13342260 16.06281976 -13.38810036
v -8.28399187 -0.79035913 -8.73579792
v 12.42133454 37.62772807 -3.30913552
v 12.43177549 37.62700669 -3.30630039
v -8.27355092 -0.79108050 -8.73296280
v -2.60782645 -0.89311550 -29.66563406
v 18.09749996 37.52497170 -24.23897166
v 18.10794092 37.52425032 -24.23613653
v -2.59738549 -0.89383687 -29.66279893
v -1.17796639 20.74574336 -29.38409379
v -1.18863792 20.74294945 -29.38697419
v -6.85413182 20.84849972 -8.45425765
v -6.86480335 20.84570582 -8.45713805
v 23.60010344 -6.87303305 19.40280171
v 48.04187628 28.38075482 22.45318947
v 48.05169698 28.37755520 22.44988974
v 23.60992414 -6.87623267 19.39950198
v 18.47990733 -1.55871521 -0.98908568
v 42.92168017 33.69507267 2.06130208
v 42.93150086 33.69187305 2.05800235
v 18.48972802 -1.56191483 -0.99238540
v 26.12492042 18.46707352 2.31023815
v 26.11385942 18.46701950 2.31300138
v 31.24511654 13.15275568 22.70212554
v 31.23405553 13.15270165 22.70488877
v 27.62181673 -3.16527758 3.42896936
v 22.25757666 35.25280962 -17.29261685
v 22.25495779 35.25208824 -17.30311413
v 27.61919785 -3.16599895 3.41847208
v 6.58252856 -3.26803394 8.68494197
v 1.21828849 35.15005325 -12.03664424
v 1.21566961 35.14933188 -12.04714152
v 6.57990968 -3.26875532 8.67444469
v 6.13072023 18.37082491 7.29943342
v 6.13341208 18.36803101 7.31015407
v 27.17000841 18.47358128 2.04346081
v 27.17270025 18.47078738 2.05418146
v 4.69395484 -3.20442888 -21.16422888
v 55.18932069 50.64158823 -21.16422888
v 55.17083976 50.64759305 -21.16422888
v 4.67547391 -3.19842407 -21.16422888
v 4.69395484 -3.20442888 17.69977112
v 55.18932069 50.64158823 17.69977112
v 55.17083976 50.64759305 17.69977112
v 4.67547391 -3.19842407 17.69977112
v 16.68413484 33.76043397 17.69977112
v 16.70456686 33.76043397 17.69977112
v 16.68413484 33.76043397 -21.16422888
v 16.70456686 33.76043397 -21.16422888
v 6.30941353 2.52802063 -5.97728089
v -12.82799389 28.20888655 -27.99234979
v -12.83220593 28.20159398 -27.99719519
v 6.30520149 2.52072807 -5.98212629
v -8.35610303 2.52802063 6.77125816
v -27.49351046 28.20888655 -15.24381074
v -27.49772250 28.20159398 -15.24865614
v -8.36031507 2.52072807 6.76641277
v 5.25495702 3.01649222 5.02407211
v -17.39711417 27.70561883 24.71521718
v -17.39245589 27.71312240 24.71116780
v 5.25961530 3.02399579 5.02002273
v -7.49358204 3.01649222 -9.64144445
v -30.14565323 27.70561883 10.04970062
v -30.14099495 27.71312240 10.04565124
v -7.48892376 3.02399579 -9.64549383
v 6.94005503 -1.88321260 -9.61935227
v 18.68960542 32.60834989 3.89695930
v 18.68394829 32.61282722 3.89045152
v 6.93439790 -1.87873528 -9.62586005
v -7.72546154 -1.88321260 3.12918678
v 4.02408886 32.60834989 16.64549835
v 4.01843173 32.61282722 16.63899057
v -7.73111866 -1.87873528 3.12267900
v -20.22644915 -3.20442888 -5.27743288
v -20.22644915 49.59357622 -48.49187318
v -20.22644915 49.59958104 -48.47339225
v -20.22644915 -3.19842407 -5.25895195
v 18.63755085 -3.20442888 -5.27743288
v 18.63755085 49.59357622 -48.49187318
v 18.63755085 49.59958104 -48.47339225
v 18.63755085 -3.19842407 -5.25895195
v 18.63755085 33.76043397 -17.26761288
v 18.63755085 33.76043397 -17.28804489
v -20.22644915 33.76043397 -17.26761288
v -20.22644915 33.76043397 -17.28804489
vt 0.0000000e+0 0.0000000e+0
vt 0.0000000e+0 0.49995939
vt 0.0000000e+0 0.49995939
vt 0.0000000e+0 0.50004061
vt 0.0000000e+0 0.50004061
vt 0.0000000e+0 1.00000000
vt 1.00000000 0.0000000e+0
vt 1.00000000 0.49995939
vt 1.00000000 0.49995939
vt 1.00000000 0.50004061
vt 1.00000000 0.50004061
vt 1.00000000 1.00000000
vn -1.00000000 7.5274949e-14 0.0000000e+0
vn -7.5274949e-17 0.30901699 -0.95105652
vn 0.0000000e+0 -0.95105652 -0.30901699
vn -1.00000000 -6.4839213e-14 0.0000000e+0
vn -1.00000000 -6.4839213e-14 0.0000000e+0
vn -4.4102833e-16 0.95105652 0.30901699
vn -3.0891683e-16 0.89978791 -0.43632752
vn -7.3504721e-17 0.95105652 0.30901699
vn 1.8779090e-16 -0.89983041 0.43623988
vn -1.00000000 -1.2967843e-13 0.0000000e+0
vn 1.8779090e-16 -0.89983041 0.43623988
vn -7.3504721e-17 0.95105652 0.30901699
vn 3.4280185e-17 -0.30901699 0.95105652
vn 4.7779380e-18 -0.95105652 -0.30901699
vn -1.00000000 3.7637475e-14 0.0000000e+0
vn -1.00000000 3.7637475e-14 0.0000000e+0
vn 3.4280185e-17 -0.30901699 0.95105652
vn 4.7779380e-18 -0.95105652 -0.30901699
vn 4.7779380e-18 -0.95105652 -0.30901699
vn 1.00000000 -7.5274949e-14 0.0000000e+0
vn -7.5274949e-17 0.30901699 -0.95105652
vn -7.5274949e-17 0.30901699 -0.95105652
vn 4.7779380e-18 -0.95105652 -0.30901699
vn -7.3504721e-17 0.95105652 0.30901699
vn -1.5445842e-16 0.89978791 -0.43632752
vn -7.3504721e-17 0.95105652 0.30901699
vn -1.5445842e-16 0.89978791 -0.43632752
vn 1.00000000 -5.3018186e-14 0.0000000e+0
vn 1.00000000 -5.3018186e-14 0.0000000e+0
vn 2.9401888e-16 0.95105652 0.30901699
vn 3.7558181e-16 -0.89983041 0.43623988
vn 1.00000000 -1.0603637e-13 0.0000000e+0
vn 9.5558759e-18 -0.95105652 -0.30901699
vn 1.00000000 -3.7637475e-14 0.0000000e+0
vn 6.8560370e-17 -0.30901699 0.95105652
vn 1.00000000 -3.7637475e-14 0.0000000e+0
vn 1.2068540e-16 -0.65695285 0.75393166
vn 1.2068540e-16 -0.65695285 0.75393166
vn 1.2068540e-16 -0.65695285 0.75393166
vn 1.2068540e-16 -0.65695285 0.75393166
vn 1.00000000 -3.5345457e-14 0.0000000e+0
vn 1.00000000 -3.5345457e-14 0.0000000e+0
vn 1.00000000 -3.5345457e-14 0.0000000e+0
vn 1.00000000 -2.5091650e-14 0.0000000e+0
vn -4.0907617e-17 0.65691614 -0.75396365
vn -4.0907617e-17 0.65691614 -0.75396365
vn 1.00000000 -2.5091650e-14 0.0000000e+0
vn 1.00000000 -2.5091650e-14 0.0000000e+0
vn -1.00000000 -4.3226142e-14 0.0000000e+0
vn 0.0000000e+0 -0.65695285 0.75393166
vn -1.00000000 -4.3226142e-14 0.0000000e+0
vn -1.00000000 -4.3226142e-14 0.0000000e+0
vn 0.0000000e+0 -0.65695285 0.75393166
vn -1.00000000 2.5091650e-14 0.0000000e+0
vn -1.2484691e-16 0.65691614 -0.75396365
vn -1.2484691e-16 0.65691614 -0.75396365
vn -1.00000000 2.5091650e-14 0.0000000e+0
vn -1.00000000 2.5091650e-14 0.0000000e+0
vn -1.2484691e-16 0.65691614 -0.75396365
vn -1.2484691e-16 0.65691614 -0.75396365
vn 0.65605903 -3.0107534e-13 0.75470958
vn -0.50636821 -0.74150761 0.44017917
vn -0.55962290 0.67094445 0.48647277
vn 0.65605903 7.0307266e-14 0.75470958
vn 0.50636821 0.74150761 -0.44017917
vn -0.55962290 0.67094445 0.48647277
vn 0.65605903 7.0307266e-14 0.75470958
vn 0.50636821 0.74150761 -0.44017917
vn -0.55962290 0.67094445 0.48647277
vn 0.65605903 4.4168987e-13 0.75470958
vn 0.55962290 -0.67094445 -0.48647277
vn 0.50636821 0.74150761 -0.44017917
vn 0.65605903 7.0307266e-14 0.75470958
vn 0.55962290 -0.67094445 -0.48647277
vn -0.50636821 -0.74150761 0.44017917
vn 0.65605903 7.0307266e-14 0.75470958
vn 0.55962290 -0.67094445 -0.48647277
vn -0.50636821 -0.74150761 0.44017917
vn -0.50636821 -0.74150761 0.44017917
vn -0.65605903 3.7266894e-14 -0.75470958
vn -0.55962290 0.67094445 0.48647277
vn -0.65605903 3.7266894e-14 -0.75470958
vn -0.50636821 -0.74150761 0.44017917
vn -0.55962290 0.67094445 0.48647277
vn 0.50636821 0.74150761 -0.44017917
vn -0.55962290 0.67094445 0.48647277
vn -0.65605903 -3.0107534e-13 -0.75470958
vn 0.55962290 -0.67094445 -0.48647277
vn 0.50636821 0.74150761 -0.44017917
vn -0.65605903 3.7266894e-14 -0.75470958
vn 0.55962290 -0.67094445 -0.48647277
vn -0.65605903 3.7266894e-14 -0.75470958
vn 0.50636821 0.74150761 -0.44017917
vn 0.55962290 -0.67094445 -0.48647277
vn -0.50636821 -0.74150761 0.44017917
vn -0.65605903 3.7560913e-13 -0.75470958
vn 0.97017336 4.7383490e-3 -0.24236583
vn 0.97017336 4.7383490e-3 -0.24236583
vn 0.20757237 -0.53265350 0.82048398
vn -0.12520927 -0.84632015 -0.51774979
vn 0.97017336 4.7383490e-3 -0.24236583
vn 0.12520927 0.84632015 0.51774979
vn 5.7843938e-2 -0.97545301 0.21247471
vn 0.12520927 0.84632015 0.51774979
vn -5.7874020e-2 0.97542487 -0.21259568
vn 0.97017336 4.7383490e-3 -0.24236583
vn 0.97017336 4.7383490e-3 -0.24236583
vn -5.7874020e-2 0.97542487 -0.21259568
vn 0.12520927 0.84632015 0.51774979
vn 0.97017336 4.7383490e-3 -0.24236583
vn -0.20757237 0.53265350 -0.82048398
vn -0.12520927 -0.84632015 -0.51774979
vn -0.20757237 0.53265350 -0.82048398
vn -0.12520927 -0.84632015 -0.51774979
vn -0.12520927 -0.84632015 -0.51774979
vn -0.97017336 -4.7383490e-3 0.24236583
vn 0.20757237 -0.53265350 0.82048398
vn 0.20757237 -0.53265350 0.82048398
vn -0.97017336 -4.7383490e-3 0.24236583
vn -0.12520927 -0.84632015 -0.51774979
vn 0.12520927 0.84632015 0.51774979
vn 5.7843938e-2 -0.97545301 0.21247471
vn 0.12520927 0.84632015 0.51774979
vn 5.7843938e-2 -0.97545301 0.21247471
vn -0.97017336 -4.7383490e-3 0.24236583
vn 0.12520927 0.84632015 0.51774979
vn -5.7874020e-2 0.97542487 -0.21259568
vn -0.97017336 -4.7383490e-3 0.24236583
vn -0.97017336 -4.7383490e-3 0.24236583
vn -0.12520927 -0.84632015 -0.51774979
vn -0.20757237 0.53265350 -0.82048398
vn -0.97017336 -4.7383490e-3 0.24236583
vn -0.14370481 0.81642895 -0.55927872
vn -0.97017336 -4.7383490e-3 0.24236583
vn -0.14370481 0.81642895 -0.55927872
vn -0.14370481 0.81642895 -0.55927872
vn -0.14370481 0.81642895 -0.55927872
vn -0.97017336 -4.7383490e-3 0.24236583
vn -0.97017336 -4.7383490e-3 0.24236583
vn -0.97017336 -4.7383490e-3 0.24236583
vn 0.14369234 -0.81646585 0.55922807
vn 0.14369234 -0.81646585 0.55922807
vn -0.97017336 -4.7383490e-3 0.24236583
vn -0.97017336 -4.7383490e-3 0.24236583
vn 0.97017336 4.7383490e-3 -0.24236583
vn -0.14370481 0.81642895 -0.55927872
vn 0.97017336 4.7383490e-3 -0.24236583
vn 0.97017336 4.7383490e-3 -0.24236583
vn -0.14370481 0.81642895 -0.55927872
vn 0.14369234 -0.81646585 0.55922807
vn 0.14369234 -0.81646585 0.55922807
vn 0.97017336 4.7383490e-3 -0.24236583
vn 0.97017336 4.7383490e-3 -0.24236583
vn 0.97017336 4.7383490e-3 -0.24236583
vn 0.14369234 -0.81646585 0.55922807
vn 0.14369234 -0.81646585 0.55922807
vn 0.99866036 4.7383490e-3 5.1527045e-2
vn -5.1728283e-2 6.6528767e-2 0.99644273
vn 1.2934627e-3 -0.99777326 6.6684749e-2
vn 0.99866036 4.7383490e-3 5.1527045e-2
vn 0.99866036 4.7383490e-3 5.1527045e-2
vn -1.2934627e-3 0.99777326 -6.6684749e-2
vn -3.6781311e-2 0.76541713 0.64248249
vn -1.2934627e-3 0.99777326 -6.6684749e-2
vn 3.6777766e-2 -0.76547981 -0.64240801
vn 0.99866036 4.7383490e-3 5.1527045e-2
vn 3.6777766e-2 -0.76547981 -0.64240801
vn -1.2934627e-3 0.99777326 -6.6684749e-2
vn 5.1728283e-2 -6.6528767e-2 -0.99644273
vn 1.2934627e-3 -0.99777326 6.6684749e-2
vn 0.99866036 4.7383490e-3 5.1527045e-2
vn 0.99866036 4.7383490e-3 5.1527045e-2
vn 5.1728283e-2 -6.6528767e-2 -0.99644273
vn 1.2934627e-3 -0.99777326 6.6684749e-2
vn 1.2934627e-3 -0.99777326 6.6684749e-2
vn -0.99866036 -4.7383490e-3 -5.1527045e-2
vn -5.1728283e-2 6.6528767e-2 0.99644273
vn -5.1728283e-2 6.6528767e-2 0.99644273
vn 1.2934627e-3 -0.99777326 6.6684749e-2
vn -1.2934627e-3 0.99777326 -6.6684749e-2
vn -3.6781311e-2 0.76541713 0.64248249
vn -1.2934627e-3 0.99777326 -6.6684749e-2
vn -3.6781311e-2 0.76541713 0.64248249
vn -0.99866036 -4.7383490e-3 -5.1527045e-2
vn -0.99866036 -4.7383490e-3 -5.1527045e-2
vn -1.2934627e-3 0.99777326 -6.6684749e-2
vn 3.6777766e-2 -0.76547981 -0.64240801
vn -0.99866036 -4.7383490e-3 -5.1527045e-2
vn 1.2934627e-3 -0.99777326 6.6684749e-2
vn -0.99866036 -4.7383490e-3 -5.1527045e-2
vn 5.1728283e-2 -6.6528767e-2 -0.99644273
vn -0.99866036 -4.7383490e-3 -5.1527045e-2
vn 4.8098959e-2 -0.45215832 -0.89063985
vn 4.8098959e-2 -0.45215832 -0.89063985
vn 4.8098959e-2 -0.45215832 -0.89063985
vn 4.8098959e-2 -0.45215832 -0.89063985
vn -0.99866036 -4.7383490e-3 -5.1527045e-2
vn -0.99866036 -4.7383490e-3 -5.1527045e-2
vn -0.99866036 -4.7383490e-3 -5.1527045e-2
vn -0.99866036 -4.7383490e-3 -5.1527045e-2
vn -4.8099888e-2 0.45211488 0.89066185
vn -4.8099888e-2 0.45211488 0.89066185
vn -0.99866036 -4.7383490e-3 -5.1527045e-2
vn -0.99866036 -4.7383490e-3 -5.1527045e-2
vn 0.99866036 4.7383490e-3 5.1527045e-2
vn 4.8098959e-2 -0.45215832 -0.89063985
vn 0.99866036 4.7383490e-3 5.1527045e-2
vn 0.99866036 4.7383490e-3 5.1527045e-2
vn 4.8098959e-2 -0.45215832 -0.89063985
vn 0.99866036 4.7383490e-3 5.1527045e-2
vn -4.8099888e-2 0.45211488 0.89066185
vn -4.8099888e-2 0.45211488 0.89066185
vn 0.99866036 4.7383490e-3 5.1527045e-2
vn 0.99866036 4.7383490e-3 5.1527045e-2
vn -4.8099888e-2 0.45211488 0.89066185
vn -4.8099888e-2 0.45211488 0.89066185
vn 0.74858098 -0.24505628 -0.61609572
vn 0.66291238 0.29508470 0.68809316
vn 1.3178871e-2 -0.92351093 0.38334563
vn 0.74858098 -0.24505628 -0.61609572
vn 0.74858098 -0.24505628 -0.61609572
vn -1.3178871e-2 0.92351093 -0.38334563
vn 0.57656448 0.69942531 0.42234776
vn -1.3178871e-2 0.92351093 -0.38334563
vn -0.57654025 -0.69947500 -0.42229855
vn 0.74858098 -0.24505628 -0.61609572
vn -0.57654025 -0.69947500 -0.42229855
vn -1.3178871e-2 0.92351093 -0.38334563
vn -0.66291238 -0.29508470 -0.68809316
vn 1.3178871e-2 -0.92351093 0.38334563
vn 0.74858098 -0.24505628 -0.61609572
vn 0.74858098 -0.24505628 -0.61609572
vn -0.66291238 -0.29508470 -0.68809316
vn 1.3178871e-2 -0.92351093 0.38334563
vn 1.3178871e-2 -0.92351093 0.38334563
vn -0.74858098 0.24505628 0.61609572
vn 0.66291238 0.29508470 0.68809316
vn 0.66291238 0.29508470 0.68809316
vn 1.3178871e-2 -0.92351093 0.38334563
vn -1.3178871e-2 0.92351093 -0.38334563
vn 0.57656448 0.69942531 0.42234776
vn -1.3178871e-2 0.92351093 -0.38334563
vn 0.57656448 0.69942531 0.42234776
vn -0.74858098 0.24505628 0.61609572
vn -0.74858098 0.24505628 0.61609572
vn -1.3178871e-2 0.92351093 -0.38334563
vn -0.57654025 -0.69947500 -0.42229855
vn -0.74858098 0.24505628 0.61609572
vn 1.3178871e-2 -0.92351093 0.38334563
vn -0.74858098 0.24505628 0.61609572
vn -0.66291238 -0.29508470 -0.68809316
vn -0.74858098 0.24505628 0.61609572
vn -0.63933820 -0.51301679 -0.57276561
vn -0.63933820 -0.51301679 -0.57276561
vn -0.63933820 -0.51301679 -0.57276561
vn -0.63933820 -0.51301679 -0.57276561
vn -0.74858098 0.24505628 0.61609572
vn -0.74858098 0.24505628 0.61609572
vn -0.74858098 0.24505628 0.61609572
vn -0.74858098 0.24505628 0.61609572
vn 0.63934470 0.51298634 0.57278562
vn 0.63934470 0.51298634 0.57278562
vn -0.74858098 0.24505628 0.61609572
vn -0.74858098 0.24505628 0.61609572
vn 0.74858098 -0.24505628 -0.61609572
vn -0.63933820 -0.51301679 -0.57276561
vn 0.74858098 -0.24505628 -0.61609572
vn 0.74858098 -0.24505628 -0.61609572
vn -0.63933820 -0.51301679 -0.57276561
vn 0.74858098 -0.24505628 -0.61609572
vn 0.63934470 0.51298634 0.57278562
vn 0.63934470 0.51298634 0.57278562
vn 0.74858098 -0.24505628 -0.61609572
vn 0.74858098 -0.24505628 -0.61609572
vn 0.63934470 0.51298634 0.57278562
vn 0.63934470 0.51298634 0.57278562
vn -0.63453964 4.7383490e-3 -0.77287580
vn -0.63453964 4.7383490e-3 -0.77287580
vn 0.65251350 -0.53265350 -0.53898644
vn -0.41422891 -0.84632015 0.33489792
vn -0.63453964 4.7383490e-3 -0.77287580
vn 0.41422891 0.84632015 -0.33489792
vn 0.16722467 -0.97545301 -0.14327363
vn 0.41422891 0.84632015 -0.33489792
vn -0.16732110 0.97542487 0.14335262
vn -0.63453964 4.7383490e-3 -0.77287580
vn -0.63453964 4.7383490e-3 -0.77287580
vn -0.16732110 0.97542487 0.14335262
vn 0.41422891 0.84632015 -0.33489792
vn -0.63453964 4.7383490e-3 -0.77287580
vn -0.65251350 0.53265350 0.53898644
vn -0.41422891 -0.84632015 0.33489792
vn -0.65251350 0.53265350 0.53898644
vn -0.41422891 -0.84632015 0.33489792
vn -0.41422891 -0.84632015 0.33489792
vn 0.63453964 -4.7383490e-3 0.77287580
vn 0.65251350 -0.53265350 -0.53898644
vn 0.65251350 -0.53265350 -0.53898644
vn 0.63453964 -4.7383490e-3 0.77287580
vn -0.41422891 -0.84632015 0.33489792
vn 0.41422891 0.84632015 -0.33489792
vn 0.16722467 -0.97545301 -0.14327363
vn 0.41422891 0.84632015 -0.33489792
vn 0.16722467 -0.97545301 -0.14327363
vn 0.63453964 -4.7383490e-3 0.77287580
vn 0.41422891 0.84632015 -0.33489792
vn -0.16732110 0.97542487 0.14335262
vn 0.63453964 -4.7383490e-3 0.77287580
vn 0.63453964 -4.7383490e-3 0.77287580
vn -0.41422891 -0.84632015 0.33489792
vn -0.65251350 0.53265350 0.53898644
vn 0.63453964 -4.7383490e-3 0.77287580
vn -0.44383416 0.81642895 0.36939816
vn 0.63453964 -4.7383490e-3 0.77287580
vn -0.44383416 0.81642895 0.36939816
vn -0.44383416 0.81642895 0.36939816
vn -0.44383416 0.81642895 0.36939816
vn 0.63453964 -4.7383490e-3 0.77287580
vn 0.63453964 -4.7383490e-3 0.77287580
vn 0.63453964 -4.7383490e-3 0.77287580
vn 0.44379373 -0.81646585 -0.36936519
vn 0.44379373 -0.81646585 -0.36936519
vn 0.63453964 -4.7383490e-3 0.77287580
vn 0.63453964 -4.7383490e-3 0.77287580
vn -0.63453964 4.7383490e-3 -0.77287580
vn -0.44383416 0.81642895 0.36939816
vn -0.63453964 4.7383490e-3 -0.77287580
vn -0.63453964 4.7383490e-3 -0.77287580
vn -0.44383416 0.81642895 0.36939816
vn 0.44379373 -0.81646585 -0.36936519
vn 0.44379373 -0.81646585 -0.36936519
vn -0.63453964 4.7383490e-3 -0.77287580
vn -0.63453964 4.7383490e-3 -0.77287580
vn -0.63453964 4.7383490e-3 -0.77287580
vn 0.44379373 -0.81646585 -0.36936519
vn 0.44379373 -0.81646585 -0.36936519
vn -4.8796819e-2 -0.24505628 0.96828007
vn -4.8796819e-2 -0.24505628 0.96828007
vn -0.94446269 -0.30409757 -0.12455879
vn 0.32497553 -0.92058247 -0.21660752
vn -4.8796819e-2 -0.24505628 0.96828007
vn -0.32497553 0.92058247 0.21660752
vn -0.38539573 -0.88974164 -0.24460160
vn -4.8796819e-2 -0.24505628 0.96828007
vn -0.32497553 0.92058247 0.21660752
vn 0.38549910 0.88969843 0.24459588
vn -4.8796819e-2 -0.24505628 0.96828007
vn 0.38549910 0.88969843 0.24459588
vn -0.32497553 0.92058247 0.21660752
vn 0.94446269 0.30409757 0.12455879
vn 0.32497553 -0.92058247 -0.21660752
vn -4.8796819e-2 -0.24505628 0.96828007
vn 0.94446269 0.30409757 0.12455879
vn 0.32497553 -0.92058247 -0.21660752
vn 0.32497553 -0.92058247 -0.21660752
vn 4.8796819e-2 0.24505628 -0.96828007
vn -0.94446269 -0.30409757 -0.12455879
vn -0.94446269 -0.30409757 -0.12455879
vn 4.8796819e-2 0.24505628 -0.96828007
vn 0.32497553 -0.92058247 -0.21660752
vn -0.32497553 0.92058247 0.21660752
vn -0.38539573 -0.88974164 -0.24460160
vn -0.32497553 0.92058247 0.21660752
vn -0.38539573 -0.88974164 -0.24460160
vn 4.8796819e-2 0.24505628 -0.96828007
vn -0.32497553 0.92058247 0.21660752
vn 0.38549910 0.88969843 0.24459588
vn 4.8796819e-2 0.24505628 -0.96828007
vn 4.8796819e-2 0.24505628 -0.96828007
vn 0.32497553 -0.92058247 -0.21660752
vn 0.94446269 0.30409757 0.12455879
vn 4.8796819e-2 0.24505628 -0.96828007
vn 0.72879023 0.65417433 0.20228876
vn 4.8796819e-2 0.24505628 -0.96828007
vn 0.72879023 0.65417433 0.20228876
vn 0.72879023 0.65417433 0.20228876
vn 0.72879023 0.65417433 0.20228876
vn 4.8796819e-2 0.24505628 -0.96828007
vn 4.8796819e-2 0.24505628 -0.96828007
vn 4.8796819e-2 0.24505628 -0.96828007
vn -0.72875192 -0.65421447 -0.20229698
vn -0.72875192 -0.65421447 -0.20229698
vn 4.8796819e-2 0.24505628 -0.96828007
vn 4.8796819e-2 0.24505628 -0.96828007
vn 0.72879023 0.65417433 0.20228876
vn -4.8796819e-2 -0.24505628 0.96828007
vn -4.8796819e-2 -0.24505628 0.96828007
vn -4.8796819e-2 -0.24505628 0.96828007
vn 0.72879023 0.65417433 0.20228876
vn -4.8796819e-2 -0.24505628 0.96828007
vn -0.72875192 -0.65421447 -0.20229698
vn -0.72875192 -0.65421447 -0.20229698
vn -4.8796819e-2 -0.24505628 0.96828007
vn -4.8796819e-2 -0.24505628 0.96828007
vn -0.72875192 -0.65421447 -0.20229698
vn -0.72875192 -0.65421447 -0.20229698
vn -4.8796819e-2 -0.24505628 0.96828007
vn -0.95510219 0.29508470 2.6548525e-2
vn -0.29223051 -0.92351093 -0.24845298
vn -4.8796819e-2 -0.24505628 0.96828007
vn -4.8796819e-2 -0.24505628 0.96828007
vn 0.29223051 0.92351093 0.24845298
vn -0.70051575 0.69942531 0.14171067
vn 0.29223051 0.92351093 0.24845298
vn 0.70046305 -0.69947500 -0.14172591
vn -4.8796819e-2 -0.24505628 0.96828007
vn 0.70046305 -0.69947500 -0.14172591
vn 0.29223051 0.92351093 0.24845298
vn 0.95510219 -0.29508470 -2.6548525e-2
vn -0.29223051 -0.92351093 -0.24845298
vn -4.8796819e-2 -0.24505628 0.96828007
vn -4.8796819e-2 -0.24505628 0.96828007
vn 0.95510219 -0.29508470 -2.6548525e-2
vn -0.29223051 -0.92351093 -0.24845298
vn -0.29223051 -0.92351093 -0.24845298
vn 4.8796819e-2 0.24505628 -0.96828007
vn -0.95510219 0.29508470 2.6548525e-2
vn -0.95510219 0.29508470 2.6548525e-2
vn -0.29223051 -0.92351093 -0.24845298
vn 0.29223051 0.92351093 0.24845298
vn -0.70051575 0.69942531 0.14171067
vn 0.29223051 0.92351093 0.24845298
vn -0.70051575 0.69942531 0.14171067
vn 4.8796819e-2 0.24505628 -0.96828007
vn 4.8796819e-2 0.24505628 -0.96828007
vn 0.29223051 0.92351093 0.24845298
vn 0.70046305 -0.69947500 -0.14172591
vn 4.8796819e-2 0.24505628 -0.96828007
vn -0.29223051 -0.92351093 -0.24845298
vn 4.8796819e-2 0.24505628 -0.96828007
vn 0.95510219 -0.29508470 -2.6548525e-2
vn 4.8796819e-2 0.24505628 -0.96828007
vn 0.85397867 -0.51301679 -8.6799826e-2
vn 0.85397867 -0.51301679 -8.6799826e-2
vn 0.85397867 -0.51301679 -8.6799826e-2
vn 0.85397867 -0.51301679 -8.6799826e-2
vn 4.8796819e-2 0.24505628 -0.96828007
vn 4.8796819e-2 0.24505628 -0.96828007
vn 4.8796819e-2 0.24505628 -0.96828007
vn 4.8796819e-2 0.24505628 -0.96828007
vn -0.85399784 0.51298634 8.6791155e-2
vn -0.85399784 0.51298634 8.6791155e-2
vn 4.8796819e-2 0.24505628 -0.96828007
vn 4.8796819e-2 0.24505628 -0.96828007
vn -4.8796819e-2 -0.24505628 0.96828007
vn 0.85397867 -0.51301679 -8.6799826e-2
vn -4.8796819e-2 -0.24505628 0.96828007
vn -4.8796819e-2 -0.24505628 0.96828007
vn 0.85397867 -0.51301679 -8.6799826e-2
vn -4.8796819e-2 -0.24505628 0.96828007
vn -0.85399784 0.51298634 8.6791155e-2
vn -0.85399784 0.51298634 8.6791155e-2
vn -4.8796819e-2 -0.24505628 0.96828007
vn -4.8796819e-2 -0.24505628 0.96828007
vn -0.85399784 0.51298634 8.6791155e-2
vn -0.85399784 0.51298634 8.6791155e-2
vn 0.99866036 4.7383490e-3 5.1527045e-2
vn 0.99866036 4.7383490e-3 5.1527045e-2
vn -4.1088782e-2 -0.53265350 0.84533541
vn 3.1451555e-2 -0.84632015 -0.53174524
vn 0.99866036 4.7383490e-3 5.1527045e-2
vn -3.1451555e-2 0.84632015 0.53174524
vn -6.7283304e-3 -0.97545301 0.22010487
vn -3.1451555e-2 0.84632015 0.53174524
vn 6.7348866e-3 0.97542487 -0.22022935
vn 0.99866036 4.7383490e-3 5.1527045e-2
vn 0.99866036 4.7383490e-3 5.1527045e-2
vn 6.7348866e-3 0.97542487 -0.22022935
vn -3.1451555e-2 0.84632015 0.53174524
vn 0.99866036 4.7383490e-3 5.1527045e-2
vn 4.1088782e-2 0.53265350 -0.84533541
vn 3.1451555e-2 -0.84632015 -0.53174524
vn 4.1088782e-2 0.53265350 -0.84533541
vn 3.1451555e-2 -0.84632015 -0.53174524
vn 3.1451555e-2 -0.84632015 -0.53174524
vn -0.99866036 -4.7383490e-3 -5.1527045e-2
vn -4.1088782e-2 -0.53265350 0.84533541
vn -4.1088782e-2 -0.53265350 0.84533541
vn -0.99866036 -4.7383490e-3 -5.1527045e-2
vn 3.1451555e-2 -0.84632015 -0.53174524
vn -3.1451555e-2 0.84632015 0.53174524
vn -6.7283304e-3 -0.97545301 0.22010487
vn -3.1451555e-2 0.84632015 0.53174524
vn -6.7283304e-3 -0.97545301 0.22010487
vn -0.99866036 -4.7383490e-3 -5.1527045e-2
vn -3.1451555e-2 0.84632015 0.53174524
vn 6.7348866e-3 0.97542487 -0.22022935
vn -0.99866036 -4.7383490e-3 -5.1527045e-2
vn -0.99866036 -4.7383490e-3 -5.1527045e-2
vn 3.1451555e-2 -0.84632015 -0.53174524
vn 4.1088782e-2 0.53265350 -0.84533541
vn -0.99866036 -4.7383490e-3 -5.1527045e-2
vn 2.5890317e-2 0.81642895 -0.57686520
vn -0.99866036 -4.7383490e-3 -5.1527045e-2
vn 2.5890317e-2 0.81642895 -0.57686520
vn 2.5890317e-2 0.81642895 -0.57686520
vn 2.5890317e-2 0.81642895 -0.57686520
vn -0.99866036 -4.7383490e-3 -5.1527045e-2
vn -0.99866036 -4.7383490e-3 -5.1527045e-2
vn -0.99866036 -4.7383490e-3 -5.1527045e-2
vn -2.5887455e-2 -0.81646585 0.57681311
vn -2.5887455e-2 -0.81646585 0.57681311
vn -0.99866036 -4.7383490e-3 -5.1527045e-2
vn -0.99866036 -4.7383490e-3 -5.1527045e-2
vn 0.99866036 4.7383490e-3 5.1527045e-2
vn 2.5890317e-2 0.81642895 -0.57686520
vn 0.99866036 4.7383490e-3 5.1527045e-2
vn 0.99866036 4.7383490e-3 5.1527045e-2
vn 2.5890317e-2 0.81642895 -0.57686520
vn -2.5887455e-2 -0.81646585 0.57681311
vn -2.5887455e-2 -0.81646585 0.57681311
vn 0.99866036 4.7383490e-3 5.1527045e-2
vn 0.99866036 4.7383490e-3 5.1527045e-2
vn 0.99866036 4.7383490e-3 5.1527045e-2
vn -2.5887455e-2 -0.81646585 0.57681311
vn -2.5887455e-2 -0.81646585 0.57681311
vn -0.93601222 -0.24505628 -0.25264312
vn 0.17621564 0.29508470 -0.93908097
vn 0.30467880 -0.92351093 -0.23302013
vn -0.93601222 -0.24505628 -0.25264312
vn -0.93601222 -0.24505628 -0.25264312
vn -0.30467880 0.92351093 0.23302013
vn 9.7755392e-3 0.69942531 -0.71463884
vn -0.30467880 0.92351093 0.23302013
vn -9.7494993e-3 -0.69947500 0.71459056
vn -0.93601222 -0.24505628 -0.25264312
vn -9.7494993e-3 -0.69947500 0.71459056
vn -0.30467880 0.92351093 0.23302013
vn -0.17621564 -0.29508470 0.93908097
vn 0.30467880 -0.92351093 -0.23302013
vn -0.93601222 -0.24505628 -0.25264312
vn -0.93601222 -0.24505628 -0.25264312
vn -0.17621564 -0.29508470 0.93908097
vn 0.30467880 -0.92351093 -0.23302013
vn 0.30467880 -0.92351093 -0.23302013
vn 0.93601222 0.24505628 0.25264312
vn 0.17621564 0.29508470 -0.93908097
vn 0.17621564 0.29508470 -0.93908097
vn 0.30467880 -0.92351093 -0.23302013
vn -0.30467880 0.92351093 0.23302013
vn 9.7755392e-3 0.69942531 -0.71463884
vn -0.30467880 0.92351093 0.23302013
vn 9.7755392e-3 0.69942531 -0.71463884
vn 0.93601222 0.24505628 0.25264312
vn 0.93601222 0.24505628 0.25264312
vn -0.30467880 0.92351093 0.23302013
vn -9.7494993e-3 -0.69947500 0.71459056
vn 0.93601222 0.24505628 0.25264312
vn 0.30467880 -0.92351093 -0.23302013
vn 0.93601222 0.24505628 0.25264312
vn -0.17621564 -0.29508470 0.93908097
vn 0.93601222 0.24505628 0.25264312
vn -9.5925099e-2 -0.51301679 0.85300185
vn -9.5925099e-2 -0.51301679 0.85300185
vn -9.5925099e-2 -0.51301679 0.85300185
vn -9.5925099e-2 -0.51301679 0.85300185
vn 0.93601222 0.24505628 0.25264312
vn 0.93601222 0.24505628 0.25264312
vn 0.93601222 0.24505628 0.25264312
vn 0.93601222 0.24505628 0.25264312
vn 9.5937631e-2 0.51298634 -0.85301875
vn 9.5937631e-2 0.51298634 -0.85301875
vn 0.93601222 0.24505628 0.25264312
vn 0.93601222 0.24505628 0.25264312
vn -0.93601222 -0.24505628 -0.25264312
vn -9.5925099e-2 -0.51301679 0.85300185
vn -0.93601222 -0.24505628 -0.25264312
vn -0.93601222 -0.24505628 -0.25264312
vn -9.5925099e-2 -0.51301679 0.85300185
vn -0.93601222 -0.24505628 -0.25264312
vn 9.5937631e-2 0.51298634 -0.85301875
vn 9.5937631e-2 0.51298634 -0.85301875
vn -0.93601222 -0.24505628 -0.25264312
vn -0.93601222 -0.24505628 -0.25264312
vn 9.5937631e-2 0.51298634 -0.85301875
vn 9.5937631e-2 0.51298634 -0.85301875
vn -0.26174196 4.7383490e-3 0.96512626
vn -0.26174196 4.7383490e-3 0.96512626
vn -0.81748476 -0.53265350 -0.21908653
vn 0.51303977 -0.84632015 0.14329130
vn -0.26174196 4.7383490e-3 0.96512626
vn -0.51303977 0.84632015 -0.14329130
vn -0.21369359 -0.97545301 -5.3164591e-2
vn -0.51303977 0.84632015 -0.14329130
vn 0.21381386 0.97542487 5.3197346e-2
vn -0.26174196 4.7383490e-3 0.96512626
vn -0.26174196 4.7383490e-3 0.96512626
vn 0.21381386 0.97542487 5.3197346e-2
vn -0.51303977 0.84632015 -0.14329130
vn -0.26174196 4.7383490e-3 0.96512626
vn 0.81748476 0.53265350 0.21908653
vn 0.51303977 -0.84632015 0.14329130
vn 0.81748476 0.53265350 0.21908653
vn 0.51303977 -0.84632015 0.14329130
vn 0.51303977 -0.84632015 0.14329130
vn 0.26174196 -4.7383490e-3 -0.96512626
vn -0.81748476 -0.53265350 -0.21908653
vn -0.81748476 -0.53265350 -0.21908653
vn 0.26174196 -4.7383490e-3 -0.96512626
vn 0.51303977 -0.84632015 0.14329130
vn -0.51303977 0.84632015 -0.14329130
vn -0.21369359 -0.97545301 -5.3164591e-2
vn -0.51303977 0.84632015 -0.14329130
vn -0.21369359 -0.97545301 -5.3164591e-2
vn 0.26174196 -4.7383490e-3 -0.96512626
vn -0.51303977 0.84632015 -0.14329130
vn 0.21381386 0.97542487 5.3197346e-2
vn 0.26174196 -4.7383490e-3 -0.96512626
vn 0.26174196 -4.7383490e-3 -0.96512626
vn 0.51303977 -0.84632015 0.14329130
vn 0.81748476 0.53265350 0.21908653
vn 0.26174196 -4.7383490e-3 -0.96512626
vn 0.55831452 0.81642895 0.14740643
vn 0.26174196 -4.7383490e-3 -0.96512626
vn 0.55831452 0.81642895 0.14740643
vn 0.55831452 0.81642895 0.14740643
vn 0.55831452 0.81642895 0.14740643
vn 0.26174196 -4.7383490e-3 -0.96512626
vn 0.26174196 -4.7383490e-3 -0.96512626
vn 0.26174196 -4.7383490e-3 -0.96512626
vn -0.55826422 -0.81646585 -0.14739260
vn -0.55826422 -0.81646585 -0.14739260
vn 0.26174196 -4.7383490e-3 -0.96512626
vn 0.26174196 -4.7383490e-3 -0.96512626
vn -0.26174196 4.7383490e-3 0.96512626
vn 0.55831452 0.81642895 0.14740643
vn -0.26174196 4.7383490e-3 0.96512626
vn -0.26174196 4.7383490e-3 0.96512626
vn 0.55831452 0.81642895 0.14740643
vn -0.55826422 -0.81646585 -0.14739260
vn -0.55826422 -0.81646585 -0.14739260
vn -0.26174196 4.7383490e-3 0.96512626
vn -0.26174196 4.7383490e-3 0.96512626
vn -0.26174196 4.7383490e-3 0.96512626
vn -0.55826422 -0.81646585 -0.14739260
vn -0.55826422 -0.81646585 -0.14739260
vn -0.26174196 4.7383490e-3 0.96512626
vn -0.96291628 6.6528767e-2 -0.26146924
vn -6.5447592e-2 -0.99777326 -1.2850736e-2
vn -0.26174196 4.7383490e-3 0.96512626
vn -0.26174196 4.7383490e-3 0.96512626
vn 6.5447592e-2 0.99777326 1.2850736e-2
vn -0.62013981 0.76541713 -0.17193960
vn 6.5447592e-2 0.99777326 1.2850736e-2
vn 0.62006777 -0.76547981 0.17192037
vn -0.26174196 4.7383490e-3 0.96512626
vn 0.62006777 -0.76547981 0.17192037
vn 6.5447592e-2 0.99777326 1.2850736e-2
vn 0.96291628 -6.6528767e-2 0.26146924
vn -6.5447592e-2 -0.99777326 -1.2850736e-2
vn -0.26174196 4.7383490e-3 0.96512626
vn -0.26174196 4.7383490e-3 0.96512626
vn 0.96291628 -6.6528767e-2 0.26146924
vn -6.5447592e-2 -0.99777326 -1.2850736e-2
vn -6.5447592e-2 -0.99777326 -1.2850736e-2
vn 0.26174196 -4.7383490e-3 -0.96512626
vn -0.96291628 6.6528767e-2 -0.26146924
vn -0.96291628 6.6528767e-2 -0.26146924
vn -6.5447592e-2 -0.99777326 -1.2850736e-2
vn 6.5447592e-2 0.99777326 1.2850736e-2
vn -0.62013981 0.76541713 -0.17193960
vn 6.5447592e-2 0.99777326 1.2850736e-2
vn -0.62013981 0.76541713 -0.17193960
vn 0.26174196 -4.7383490e-3 -0.96512626
vn 0.26174196 -4.7383490e-3 -0.96512626
vn 6.5447592e-2 0.99777326 1.2850736e-2
vn 0.62006777 -0.76547981 0.17192037
vn 0.26174196 -4.7383490e-3 -0.96512626
vn -6.5447592e-2 -0.99777326 -1.2850736e-2
vn 0.26174196 -4.7383490e-3 -0.96512626
vn 0.96291628 -6.6528767e-2 0.26146924
vn 0.26174196 -4.7383490e-3 -0.96512626
vn 0.86027888 -0.45215832 0.23552728
vn 0.86027888 -0.45215832 0.23552728
vn 0.86027888 -0.45215832 0.23552728
vn 0.86027888 -0.45215832 0.23552728
vn 0.26174196 -4.7383490e-3 -0.96512626
vn 0.26174196 -4.7383490e-3 -0.96512626
vn 0.26174196 -4.7383490e-3 -0.96512626
vn 0.26174196 -4.7383490e-3 -0.96512626
vn -0.86030019 0.45211488 -0.23553285
vn -0.86030019 0.45211488 -0.23553285
vn 0.26174196 -4.7383490e-3 -0.96512626
vn 0.26174196 -4.7383490e-3 -0.96512626
vn -0.26174196 4.7383490e-3 0.96512626
vn 0.86027888 -0.45215832 0.23552728
vn -0.26174196 4.7383490e-3 0.96512626
vn -0.26174196 4.7383490e-3 0.96512626
vn 0.86027888 -0.45215832 0.23552728
vn -0.26174196 4.7383490e-3 0.96512626
vn -0.86030019 0.45211488 -0.23553285
vn -0.86030019 0.45211488 -0.23553285
vn -0.26174196 4.7383490e-3 0.96512626
vn -0.26174196 4.7383490e-3 0.96512626
vn -0.86030019 0.45211488 -0.23553285
vn -0.86030019 0.45211488 -0.23553285
vn 0.23610485 -0.24505628 0.94032012
vn -0.90571301 0.29508470 0.30431720
vn -0.35204892 -0.92351093 -0.15227973
vn 0.23610485 -0.24505628 0.94032012
vn 0.23610485 -0.24505628 0.94032012
vn 0.35204892 0.92351093 0.15227973
vn -0.62859311 0.69942531 0.34011018
vn 0.35204892 0.92351093 0.15227973
vn 0.62853826 -0.69947500 -0.34010935
vn 0.23610485 -0.24505628 0.94032012
vn 0.62853826 -0.69947500 -0.34010935
vn 0.35204892 0.92351093 0.15227973
vn 0.90571301 -0.29508470 -0.30431720
vn -0.35204892 -0.92351093 -0.15227973
vn 0.23610485 -0.24505628 0.94032012
vn 0.23610485 -0.24505628 0.94032012
vn 0.90571301 -0.29508470 -0.30431720
vn -0.35204892 -0.92351093 -0.15227973
vn -0.35204892 -0.92351093 -0.15227973
vn -0.23610485 0.24505628 -0.94032012
vn -0.90571301 0.29508470 0.30431720
vn -0.90571301 0.29508470 0.30431720
vn -0.35204892 -0.92351093 -0.15227973
vn 0.35204892 0.92351093 0.15227973
vn -0.62859311 0.69942531 0.34011018
vn 0.35204892 0.92351093 0.15227973
vn -0.62859311 0.69942531 0.34011018
vn -0.23610485 0.24505628 -0.94032012
vn -0.23610485 0.24505628 -0.94032012
vn 0.35204892 0.92351093 0.15227973
vn 0.62853826 -0.69947500 -0.34010935
vn -0.23610485 0.24505628 -0.94032012
vn -0.35204892 -0.92351093 -0.15227973
vn -0.23610485 0.24505628 -0.94032012
vn 0.90571301 -0.29508470 -0.30431720
vn -0.23610485 0.24505628 -0.94032012
vn 0.79140213 -0.51301679 -0.33241005
vn 0.79140213 -0.51301679 -0.33241005
vn 0.79140213 -0.51301679 -0.33241005
vn 0.79140213 -0.51301679 -0.33241005
vn -0.23610485 0.24505628 -0.94032012
vn -0.23610485 0.24505628 -0.94032012
vn -0.23610485 0.24505628 -0.94032012
vn -0.23610485 0.24505628 -0.94032012
vn -0.79142300 0.51298634 0.33240736
vn -0.79142300 0.51298634 0.33240736
vn -0.23610485 0.24505628 -0.94032012
vn -0.23610485 0.24505628 -0.94032012
vn 0.23610485 -0.24505628 0.94032012
vn 0.79140213 -0.51301679 -0.33241005
vn 0.23610485 -0.24505628 0.94032012
vn 0.23610485 -0.24505628 0.94032012
vn 0.79140213 -0.51301679 -0.33241005
vn 0.23610485 -0.24505628 0.94032012
vn -0.79142300 0.51298634 0.33240736
vn -0.79142300 0.51298634 0.33240736
vn 0.23610485 -0.24505628 0.94032012
vn 0.23610485 -0.24505628 0.94032012
vn -0.79142300 0.51298634 0.33240736
vn -0.79142300 0.51298634 0.33240736
vn 0.97017336 4.7383490e-3 -0.24236583
vn 0.24152574 6.6528767e-2 0.96811117
vn 2.0711549e-2 -0.99777326 6.3400004e-2
vn 0.97017336 4.7383490e-3 -0.24236583
vn 0.97017336 4.7383490e-3 -0.24236583
vn -2.0711549e-2 0.99777326 -6.3400004e-2
vn 0.15245132 0.76541713 0.62521613
vn -2.0711549e-2 0.99777326 -6.3400004e-2
vn -0.15243297 -0.76547981 -0.62514386
vn 0.97017336 4.7383490e-3 -0.24236583
vn -0.15243297 -0.76547981 -0.62514386
vn -2.0711549e-2 0.99777326 -6.3400004e-2
vn -0.24152574 -6.6528767e-2 -0.96811117
vn 2.0711549e-2 -0.99777326 6.3400004e-2
vn 0.97017336 4.7383490e-3 -0.24236583
vn 0.97017336 4.7383490e-3 -0.24236583
vn -0.24152574 -6.6528767e-2 -0.96811117
vn 2.0711549e-2 -0.99777326 6.3400004e-2
vn 2.0711549e-2 -0.99777326 6.3400004e-2
vn -0.97017336 -4.7383490e-3 0.24236583
vn 0.24152574 6.6528767e-2 0.96811117
vn 0.24152574 6.6528767e-2 0.96811117
vn 2.0711549e-2 -0.99777326 6.3400004e-2
vn -2.0711549e-2 0.99777326 -6.3400004e-2
vn 0.15245132 0.76541713 0.62521613
