# Exported from Wings 3D 2.1.5
mtllib paprota.mtl
o paprota
#80 vertices, 128 faces
v -10.00000000 0.98041476 2.81490483
v -10.00000000 30.49409914 30.63551262
v -10.00000000 30.49100897 30.64502319
v -10.00000000 0.97732459 2.82441540
v 10.00000000 0.98041476 2.81490483
v 10.00000000 30.49409914 30.63551262
v 10.00000000 30.49100897 30.64502319
v 10.00000000 0.97732459 2.82441540
v 10.00000000 20.00000000 9.00525731
v 10.00000000 20.00000000 8.99474269
v -10.00000000 20.00000000 9.00525731
v -10.00000000 20.00000000 8.99474269
v -10.00000000 0.97732459 -2.82441540
v -10.00000000 28.14797357 -25.06321752
v -10.00000000 28.15106374 -25.05370696
v -10.00000000 0.98041476 -2.81490483
v 10.00000000 0.97732459 -2.82441540
v 10.00000000 28.14797357 -25.06321752
v 10.00000000 28.15106374 -25.05370696
v 10.00000000 0.98041476 -2.81490483
v 10.00000000 20.00000000 -8.99474269
v 10.00000000 20.00000000 -9.00525731
v -10.00000000 20.00000000 -8.99474269
v -10.00000000 20.00000000 -9.00525731
v 3.98029239 1.65724240 -5.05883254
v 10.02678807 19.40712017 1.89686506
v 10.02387682 19.40942427 1.89351606
v 3.97738115 1.65954649 -5.06218154
v -3.56680341 1.65724240 1.50175775
v 2.47969226 19.40712017 8.45745535
v 2.47678102 19.40942427 8.45410635
v -3.56971465 1.65954649 1.49840875
v 3.33307070 3.11993455 2.84100892
v 13.46043482 17.95008684 -5.96257440
v 13.46323294 17.94673211 -5.96500676
v 3.33586882 3.11657983 2.83857656
v -3.22751959 3.11993455 -4.70608688
v 6.89984453 17.95008684 -13.50967020
v 6.90264265 17.94673211 -13.51210256
v -3.22472147 3.11657983 -4.70851925
v 3.11311557 4.17870432 2.47689430
v -8.54398159 16.88410089 12.61025426
v -8.54158437 16.88796234 12.60817038
v 3.11551279 4.18256578 2.47481042
v -3.44747472 4.17870432 -5.07020151
v -15.10457188 16.88410089 5.06315845
v -15.10217466 16.88796234 5.06107458
v -3.44507750 4.18256578 -5.07228538
v 3.65575478 3.92732949 -3.18456772
v -6.19264345 17.14309004 -14.51385390
v -6.19481102 17.13933718 -14.51634742
v 3.65358720 3.92357662 -3.18706124
v -3.89134102 3.92732949 3.37602257
v -13.73973925 17.14309004 -7.95326361
v -13.74190683 17.13933718 -7.95575713
v -3.89350860 3.92357662 3.37352905
v -2.81490483 0.98041476 -11.00000000
v -24.15620556 34.41181969 -11.00000000
v -24.16571612 34.40872952 -11.00000000
v -2.82441540 0.97732459 -11.00000000
v -2.81490483 0.98041476 9.00000000
v -24.15620556 34.41181969 9.00000000
v -24.16571612 34.40872952 9.00000000
v -2.82441540 0.97732459 9.00000000
v -9.00525731 20.00000000 9.00000000
v -8.99474269 20.00000000 9.00000000
v -9.00525731 20.00000000 -11.00000000
v -8.99474269 20.00000000 -11.00000000
v 2.82441540 0.97732459 -11.00000000
v 28.81009152 28.68729634 -11.00000000
v 28.80058095 28.69038651 -11.00000000
v 2.81490483 0.98041476 -11.00000000
v 2.82441540 0.97732459 9.00000000
v 28.81009152 28.68729634 9.00000000
v 28.80058095 28.69038651 9.00000000
v 2.81490483 0.98041476 9.00000000
v 8.99474269 20.00000000 9.00000000
v 9.00525731 20.00000000 9.00000000
v 8.99474269 20.00000000 -11.00000000
v 9.00525731 20.00000000 -11.00000000
vt 0.0000000e+0 0.0000000e+0
vt 0.0000000e+0 0.49995939
vt 0.0000000e+0 0.49995939
vt 0.0000000e+0 0.50004061
vt 0.0000000e+0 0.50004061
vt 0.0000000e+0 1.00000000
vt 1.00000000 0.0000000e+0
vt 1.00000000 0.49995939
vt 1.00000000 0.49995939
vt 1.00000000 0.50004061
vt 1.00000000 0.50004061
vt 1.00000000 1.00000000
vn -1.00000000 1.4212009e-13 0.0000000e+0
vn -7.1060046e-17 0.30901699 -0.95105652
vn 0.0000000e+0 -0.95105652 -0.30901699
vn -1.00000000 -3.4460765e-13 0.0000000e+0
vn -1.00000000 -3.4460765e-13 0.0000000e+0
vn -5.5511151e-16 0.95105652 0.30901699
vn -5.3039716e-16 0.89978791 -0.43632752
vn -2.0816682e-16 0.95105652 0.30901699
vn 5.9091948e-17 -0.89983041 0.43623988
vn -1.00000000 3.4110285e-13 0.0000000e+0
vn 5.9091948e-17 -0.89983041 0.43623988
vn -2.0816682e-16 0.95105652 0.30901699
vn -3.1354763e-18 -0.30901699 0.95105652
vn 4.3663980e-19 -0.95105652 -0.30901699
vn -1.00000000 3.5535795e-14 0.0000000e+0
vn -1.00000000 3.5535795e-14 0.0000000e+0
vn -3.1354763e-18 -0.30901699 0.95105652
vn 4.3663980e-19 -0.95105652 -0.30901699
vn 4.3663980e-19 -0.95105652 -0.30901699
vn 1.00000000 0.0000000e+0 0.0000000e+0
vn -1.0659007e-16 0.30901699 -0.95105652
vn -1.0659007e-16 0.30901699 -0.95105652
vn 4.3663980e-19 -0.95105652 -0.30901699
vn -2.0816682e-16 0.95105652 0.30901699
vn -2.6519858e-16 0.89978791 -0.43632752
vn -2.0816682e-16 0.95105652 0.30901699
vn -2.6519858e-16 0.89978791 -0.43632752
vn 1.00000000 8.5275713e-14 0.0000000e+0
vn 1.00000000 8.5275713e-14 0.0000000e+0
vn 1.3877788e-16 0.95105652 0.30901699
vn 1.1818390e-16 -0.89983041 0.43623988
vn 1.00000000 1.7055143e-13 0.0000000e+0
vn 8.7327959e-19 -0.95105652 -0.30901699
vn 1.00000000 0.0000000e+0 0.0000000e+0
vn -6.2709526e-18 -0.30901699 0.95105652
vn 1.00000000 0.0000000e+0 0.0000000e+0
vn 3.0409764e-17 -0.65695285 0.75393166
vn 3.0409764e-17 -0.65695285 0.75393166
vn 3.0409764e-17 -0.65695285 0.75393166
vn 3.0409764e-17 -0.65695285 0.75393166
vn 1.00000000 5.6850476e-14 0.0000000e+0
vn 1.00000000 5.6850476e-14 0.0000000e+0
vn 1.00000000 5.6850476e-14 0.0000000e+0
vn 1.00000000 0.0000000e+0 0.0000000e+0
vn -7.7234118e-17 0.65691614 -0.75396365
vn -7.7234118e-17 0.65691614 -0.75396365
vn 1.00000000 0.0000000e+0 0.0000000e+0
vn 1.00000000 0.0000000e+0 0.0000000e+0
vn -1.00000000 -2.5342127e-13 0.0000000e+0
vn 0.0000000e+0 -0.65695285 0.75393166
vn -1.00000000 -2.5342127e-13 0.0000000e+0
vn -1.00000000 -2.5342127e-13 0.0000000e+0
vn 0.0000000e+0 -0.65695285 0.75393166
vn -1.00000000 -3.1974885e-13 0.0000000e+0
vn -2.0204581e-16 0.65691614 -0.75396365
vn -2.0204581e-16 0.65691614 -0.75396365
vn -1.00000000 -3.1974885e-13 0.0000000e+0
vn -1.00000000 -3.1974885e-13 0.0000000e+0
vn -2.0204581e-16 0.65691614 -0.75396365
vn -2.0204581e-16 0.65691614 -0.75396365
vn -1.00000000 -1.3323759e-14 0.0000000e+0
vn -1.00000000 -1.3323759e-14 0.0000000e+0
vn -7.1048502e-17 -0.30901699 -0.95105652
vn -1.7347235e-17 -0.95105652 0.30901699
vn -1.00000000 -7.8257509e-13 0.0000000e+0
vn -4.1633363e-16 0.95105652 -0.30901699
vn 1.9979216e-16 -0.89176828 -0.45249236
vn -1.00000000 -3.9128754e-13 0.0000000e+0
vn -2.0816682e-16 0.95105652 -0.30901699
vn 7.8908997e-17 0.89171045 0.45260632
vn -1.00000000 -3.9128754e-13 0.0000000e+0
vn 7.8908997e-17 0.89171045 0.45260632
vn -2.0816682e-16 0.95105652 -0.30901699
vn 7.1060046e-17 0.30901699 0.95105652
vn 8.6736174e-18 -0.95105652 0.30901699
vn -1.00000000 -2.6647517e-14 0.0000000e+0
vn 7.1060046e-17 0.30901699 0.95105652
vn 8.6736174e-18 -0.95105652 0.30901699
vn 8.6736174e-18 -0.95105652 0.30901699
vn 1.00000000 1.3323759e-14 0.0000000e+0
vn -1.4209700e-16 -0.30901699 -0.95105652
vn -1.4209700e-16 -0.30901699 -0.95105652
vn 1.00000000 1.3323759e-14 0.0000000e+0
vn 8.6736174e-18 -0.95105652 0.30901699
vn -2.0816682e-16 0.95105652 -0.30901699
vn 9.9896078e-17 -0.89176828 -0.45249236
vn -2.0816682e-16 0.95105652 -0.30901699
vn 9.9896078e-17 -0.89176828 -0.45249236
vn 1.00000000 -1.1179644e-13 0.0000000e+0
vn 0.0000000e+0 0.95105652 -0.30901699
vn 0.0000000e+0 0.89171045 0.45260632
vn 1.00000000 -5.5898220e-14 0.0000000e+0
vn 1.00000000 -5.5898220e-14 0.0000000e+0
vn 3.4694470e-17 -0.95105652 0.30901699
vn 7.1060046e-17 0.30901699 0.95105652
vn 1.00000000 2.6647517e-14 0.0000000e+0
vn 8.1188797e-17 0.65003827 0.75990148
vn 1.00000000 8.8825057e-15 0.0000000e+0
vn 8.1188797e-17 0.65003827 0.75990148
vn 8.1188797e-17 0.65003827 0.75990148
vn 8.1188797e-17 0.65003827 0.75990148
vn 1.00000000 8.8825057e-15 0.0000000e+0
vn 1.00000000 8.8825057e-15 0.0000000e+0
vn 1.00000000 -3.7265480e-14 0.0000000e+0
vn -1.1539372e-16 -0.65008682 -0.75985994
vn -1.1539372e-16 -0.65008682 -0.75985994
vn 1.00000000 -3.7265480e-14 0.0000000e+0
vn 1.00000000 -3.7265480e-14 0.0000000e+0
vn 1.2390779e-16 0.65003827 0.75990148
vn -1.00000000 -8.8825057e-15 0.0000000e+0
vn -1.00000000 -8.8825057e-15 0.0000000e+0
vn -1.00000000 -8.8825057e-15 0.0000000e+0
vn 1.2390779e-16 0.65003827 0.75990148
vn -1.00000000 -2.6085836e-13 0.0000000e+0
vn -2.2846938e-17 -0.65008682 -0.75985994
vn -2.2846938e-17 -0.65008682 -0.75985994
vn -1.00000000 -2.6085836e-13 0.0000000e+0
vn -1.00000000 -2.6085836e-13 0.0000000e+0
vn -2.2846938e-17 -0.65008682 -0.75985994
vn -2.2846938e-17 -0.65008682 -0.75985994
vn 0.75470958 4.2632564e-13 -0.65605903
vn -0.30232478 -0.88749389 -0.34778488
vn 0.58224838 -0.46081948 0.66980014
vn 0.75470958 1.8984814e-13 -0.65605903
vn 0.30232478 0.88749389 0.34778488
vn 0.58224838 -0.46081948 0.66980014
vn 0.75470958 1.8984814e-13 -0.65605903
vn 0.30232478 0.88749389 0.34778488
vn 0.58224838 -0.46081948 0.66980014
vn 0.75470958 -4.6629367e-14 -0.65605903
vn -0.58224838 0.46081948 -0.66980014
vn 0.30232478 0.88749389 0.34778488
vn 0.75470958 1.8984814e-13 -0.65605903
vn -0.58224838 0.46081948 -0.66980014
vn -0.30232478 -0.88749389 -0.34778488
vn 0.75470958 1.8984814e-13 -0.65605903
vn -0.58224838 0.46081948 -0.66980014
vn -0.30232478 -0.88749389 -0.34778488
vn -0.30232478 -0.88749389 -0.34778488
vn -0.75470958 -1.0130785e-14 0.65605903
vn 0.58224838 -0.46081948 0.66980014
vn -0.75470958 -1.0130785e-14 0.65605903
vn -0.30232478 -0.88749389 -0.34778488
vn 0.58224838 -0.46081948 0.66980014
vn 0.30232478 0.88749389 0.34778488
vn 0.58224838 -0.46081948 0.66980014
vn -0.75470958 -8.8817842e-15 0.65605903
vn -0.58224838 0.46081948 -0.66980014
vn 0.30232478 0.88749389 0.34778488
vn -0.75470958 -1.0130785e-14 0.65605903
vn -0.58224838 0.46081948 -0.66980014
vn -0.75470958 -1.0130785e-14 0.65605903
vn 0.30232478 0.88749389 0.34778488
vn -0.58224838 0.46081948 -0.66980014
vn -0.30232478 -0.88749389 -0.34778488
vn -0.75470958 -1.1379786e-14 0.65605903
vn 0.65605903 0.0000000e+0 0.75470958
vn -0.50636821 -0.74150761 0.44017917
vn -0.55962290 0.67094445 0.48647277
vn 0.65605903 1.0637324e-13 0.75470958
vn 0.50636821 0.74150761 -0.44017917
vn -0.55962290 0.67094445 0.48647277
vn 0.65605903 1.0637324e-13 0.75470958
vn 0.50636821 0.74150761 -0.44017917
vn -0.55962290 0.67094445 0.48647277
vn 0.65605903 2.1274649e-13 0.75470958
vn 0.55962290 -0.67094445 -0.48647277
vn 0.50636821 0.74150761 -0.44017917
vn 0.65605903 1.0637324e-13 0.75470958
vn 0.55962290 -0.67094445 -0.48647277
vn -0.50636821 -0.74150761 0.44017917
vn 0.65605903 1.0637324e-13 0.75470958
vn 0.55962290 -0.67094445 -0.48647277
vn -0.50636821 -0.74150761 0.44017917
vn -0.50636821 -0.74150761 0.44017917
vn -0.65605903 5.5285637e-14 -0.75470958
vn -0.55962290 0.67094445 0.48647277
vn -0.65605903 5.5285637e-14 -0.75470958
vn -0.50636821 -0.74150761 0.44017917
vn -0.55962290 0.67094445 0.48647277
vn 0.50636821 0.74150761 -0.44017917
vn -0.55962290 0.67094445 0.48647277
vn -0.65605903 -2.1316282e-13 -0.75470958
vn 0.55962290 -0.67094445 -0.48647277
vn 0.50636821 0.74150761 -0.44017917
vn -0.65605903 5.5285637e-14 -0.75470958
vn 0.55962290 -0.67094445 -0.48647277
vn -0.65605903 5.5285637e-14 -0.75470958
vn 0.50636821 0.74150761 -0.44017917
vn 0.55962290 -0.67094445 -0.48647277
vn -0.50636821 -0.74150761 0.44017917
vn -0.65605903 3.2373410e-13 -0.75470958
vn 0.65605903 2.8421709e-13 0.75470958
vn 0.58285486 -0.63526983 -0.50666800
vn -0.47944423 -0.77229026 0.41677451
vn 0.65605903 -5.6808724e-13 0.75470958
vn -0.58285486 0.63526983 0.50666800
vn -0.47944423 -0.77229026 0.41677451
vn 0.65605903 -5.6808724e-13 0.75470958
vn -0.58285486 0.63526983 0.50666800
vn -0.47944423 -0.77229026 0.41677451
vn 0.65605903 -1.4203916e-12 0.75470958
vn 0.47944423 0.77229026 -0.41677451
vn -0.58285486 0.63526983 0.50666800
vn 0.65605903 -5.6808724e-13 0.75470958
vn 0.47944423 0.77229026 -0.41677451
vn 0.58285486 -0.63526983 -0.50666800
vn 0.65605903 -5.6808724e-13 0.75470958
vn 0.47944423 0.77229026 -0.41677451
vn 0.58285486 -0.63526983 -0.50666800
vn 0.58285486 -0.63526983 -0.50666800
vn -0.65605903 6.7414824e-13 -0.75470958
vn -0.47944423 -0.77229026 0.41677451
vn -0.65605903 6.7414824e-13 -0.75470958
vn 0.58285486 -0.63526983 -0.50666800
vn -0.47944423 -0.77229026 0.41677451
vn -0.58285486 0.63526983 0.50666800
vn -0.47944423 -0.77229026 0.41677451
vn -0.65605903 8.5265128e-13 -0.75470958
vn 0.47944423 0.77229026 -0.41677451
vn -0.58285486 0.63526983 0.50666800
vn -0.65605903 6.7414824e-13 -0.75470958
vn 0.47944423 0.77229026 -0.41677451
vn -0.65605903 6.7414824e-13 -0.75470958
vn -0.58285486 0.63526983 0.50666800
vn 0.47944423 0.77229026 -0.41677451
vn 0.58285486 -0.63526983 -0.50666800
vn -0.65605903 4.9564519e-13 -0.75470958
vn 0.75470958 -8.5265128e-13 -0.65605903
vn 0.49241991 -0.66078803 0.56646431
vn 0.43351595 0.75057257 0.49870306
vn 0.75470958 -3.5757855e-13 -0.65605903
vn -0.49241991 0.66078803 -0.56646431
vn 0.43351595 0.75057257 0.49870306
vn 0.75470958 -3.5757855e-13 -0.65605903
vn -0.49241991 0.66078803 -0.56646431
vn 0.43351595 0.75057257 0.49870306
vn 0.75470958 1.3749418e-13 -0.65605903
vn -0.43351595 -0.75057257 -0.49870306
vn -0.49241991 0.66078803 -0.56646431
vn 0.75470958 -3.5757855e-13 -0.65605903
vn -0.43351595 -0.75057257 -0.49870306
vn 0.49241991 -0.66078803 0.56646431
vn 0.75470958 -3.5757855e-13 -0.65605903
vn -0.43351595 -0.75057257 -0.49870306
vn 0.49241991 -0.66078803 0.56646431
vn 0.49241991 -0.66078803 0.56646431
vn -0.75470958 -2.3843774e-13 0.65605903
vn 0.43351595 0.75057257 0.49870306
vn -0.75470958 -2.3843774e-13 0.65605903
vn 0.49241991 -0.66078803 0.56646431
vn 0.43351595 0.75057257 0.49870306
vn -0.49241991 0.66078803 -0.56646431
vn 0.43351595 0.75057257 0.49870306
vn -0.75470958 -2.8421709e-13 0.65605903
vn -0.43351595 -0.75057257 -0.49870306
vn -0.49241991 0.66078803 -0.56646431
vn -0.75470958 -2.3843774e-13 0.65605903
vn -0.43351595 -0.75057257 -0.49870306
vn -0.75470958 -2.3843774e-13 0.65605903
vn -0.49241991 0.66078803 -0.56646431
vn -0.43351595 -0.75057257 -0.49870306
vn 0.49241991 -0.66078803 0.56646431
vn -0.75470958 -1.9265839e-13 0.65605903
vn 0.0000000e+0 0.0000000e+0 -1.00000000
vn 0.95105652 0.30901699 -1.4212009e-16
vn 0.30901699 -0.95105652 -1.7347235e-17
vn -2.2623755e-13 -8.8802979e-14 -1.00000000
vn -2.2623755e-13 -8.8802979e-14 -1.00000000
vn -0.30901699 0.95105652 -1.1102230e-15
vn 0.68896126 0.72479817 -5.8444524e-16
vn -0.30901699 0.95105652 -5.5511151e-16
vn -0.68890761 -0.72484916 0.0000000e+0
vn -7.7357285e-14 0.0000000e+0 -1.00000000
vn -0.68890761 -0.72484916 0.0000000e+0
vn -0.30901699 0.95105652 -5.5511151e-16
vn -0.95105652 -0.30901699 6.4538742e-17
vn 0.30901699 -0.95105652 -2.4541403e-17
vn 0.0000000e+0 -2.7399532e-14 -1.00000000
vn 0.0000000e+0 -2.7399532e-14 -1.00000000
vn -0.95105652 -0.30901699 6.4538742e-17
vn 0.30901699 -0.95105652 -2.4541403e-17
vn 0.30901699 -0.95105652 -2.4541403e-17
vn 0.0000000e+0 0.0000000e+0 1.00000000
vn 0.95105652 0.30901699 -1.4212009e-16
vn 0.95105652 0.30901699 -1.4212009e-16
vn 0.30901699 -0.95105652 -2.4541403e-17
vn -0.30901699 0.95105652 -5.5511151e-16
vn 0.68896126 0.72479817 -2.9222262e-16
vn -0.30901699 0.95105652 -5.5511151e-16
vn 0.68896126 0.72479817 -2.9222262e-16
vn 7.7281814e-14 0.0000000e+0 1.00000000
vn 7.7281814e-14 0.0000000e+0 1.00000000
vn -0.30901699 0.95105652 0.0000000e+0
vn -0.68890761 -0.72484916 0.0000000e+0
vn 1.5456363e-13 0.0000000e+0 1.00000000
vn 0.30901699 -0.95105652 -3.1735571e-17
vn 0.0000000e+0 0.0000000e+0 1.00000000
vn -0.95105652 -0.30901699 1.2907748e-16
vn 0.0000000e+0 0.0000000e+0 1.00000000
vn -0.84593125 -0.53329196 3.3290569e-17
vn -0.84593125 -0.53329196 3.3290569e-17
vn -0.84593125 -0.53329196 3.3290569e-17
vn -0.84593125 -0.53329196 3.3290569e-17
vn 5.1521209e-14 0.0000000e+0 1.00000000
vn 5.1521209e-14 0.0000000e+0 1.00000000
vn 5.1521209e-14 0.0000000e+0 1.00000000
vn 0.0000000e+0 0.0000000e+0 1.00000000
vn 0.84595099 0.53326066 -7.3308127e-17
vn 0.84595099 0.53326066 -7.3308127e-17
vn 0.0000000e+0 0.0000000e+0 1.00000000
vn 0.0000000e+0 0.0000000e+0 1.00000000
vn -1.5082504e-13 -7.7468341e-14 -1.00000000
vn -0.84593125 -0.53329196 0.0000000e+0
vn -1.5082504e-13 -7.7468341e-14 -1.00000000
vn -1.5082504e-13 -7.7468341e-14 -1.00000000
vn -0.84593125 -0.53329196 0.0000000e+0
vn -1.2503927e-13 -7.7468341e-14 -1.00000000
vn 0.84595099 0.53326066 -2.2404187e-16
vn 0.84595099 0.53326066 -2.2404187e-16
vn -1.2503927e-13 -7.7468341e-14 -1.00000000
vn -1.2503927e-13 -7.7468341e-14 -1.00000000
vn 0.84595099 0.53326066 -2.2404187e-16
vn 0.84595099 0.53326066 -2.2404187e-16
vn 1.0597713e-13 0.0000000e+0 -1.00000000
vn 1.0597713e-13 0.0000000e+0 -1.00000000
vn 0.95105652 -0.30901699 -1.4209700e-16
vn -0.30901699 -0.95105652 0.0000000e+0
vn -9.8712548e-14 0.0000000e+0 -1.00000000
vn 0.30901699 0.95105652 -5.5511151e-16
vn 0.40169894 -0.91577179 5.4420038e-17
vn 0.30901699 0.95105652 -2.7755576e-16
vn -0.40180168 0.91572671 1.3140832e-16
vn -4.9356274e-14 0.0000000e+0 -1.00000000
vn -4.9356274e-14 0.0000000e+0 -1.00000000
vn -0.40180168 0.91572671 1.3140832e-16
vn 0.30901699 0.95105652 -2.7755576e-16
vn -7.2239754e-14 0.0000000e+0 -1.00000000
vn -0.95105652 0.30901699 6.5617208e-17
vn -0.30901699 -0.95105652 1.6747815e-17
vn -0.95105652 0.30901699 6.5617208e-17
vn -0.30901699 -0.95105652 1.6747815e-17
vn -0.30901699 -0.95105652 1.6747815e-17
vn 2.4094958e-13 -2.7399532e-14 1.00000000
vn 0.95105652 -0.30901699 -1.4209700e-16
vn 0.95105652 -0.30901699 -1.4209700e-16
vn 2.4094958e-13 -2.7399532e-14 1.00000000
vn -0.30901699 -0.95105652 1.6747815e-17
vn 0.30901699 0.95105652 -2.7755576e-16
vn 0.40169894 -0.91577179 1.5863147e-16
vn 0.30901699 0.95105652 -2.7755576e-16
vn 0.40169894 -0.91577179 1.5863147e-16
vn -1.4821356e-13 0.0000000e+0 1.00000000
vn 0.30901699 0.95105652 0.0000000e+0
vn -0.40180168 0.91572671 0.0000000e+0
vn -7.4106781e-14 -1.9241107e-13 1.00000000
vn -7.4106781e-14 -1.9241107e-13 1.00000000
vn -0.30901699 -0.95105652 3.3495630e-17
vn -0.95105652 0.30901699 1.3123442e-16
vn 1.9770515e-13 0.0000000e+0 1.00000000
vn -0.74133696 0.67113300 1.0796572e-16
vn 1.6063305e-13 -1.4654040e-13 1.00000000
vn -0.74133696 0.67113300 1.0796572e-16
vn -0.74133696 0.67113300 1.0796572e-16
vn -0.74133696 0.67113300 1.0796572e-16
vn 1.6063305e-13 -1.4654040e-13 1.00000000
vn 1.6063305e-13 -1.4654040e-13 1.00000000
vn 4.5326816e-14 -1.4654040e-13 1.00000000
vn 0.74129931 -0.67117459 6.6167794e-17
vn 0.74129931 -0.67117459 6.6167794e-17
vn 4.5326816e-14 -1.4654040e-13 1.00000000
vn 4.5326816e-14 -1.4654040e-13 1.00000000
vn 7.0651419e-14 0.0000000e+0 -1.00000000
vn -0.74133696 0.67113300 1.4401782e-16
vn 7.0651419e-14 0.0000000e+0 -1.00000000
vn 7.0651419e-14 0.0000000e+0 -1.00000000
vn -0.74133696 0.67113300 1.4401782e-16
vn 0.74129931 -0.67117459 9.0607541e-18
vn 0.74129931 -0.67117459 9.0607541e-18
vn 6.1827154e-14 0.0000000e+0 -1.00000000
vn 6.1827154e-14 0.0000000e+0 -1.00000000
vn 6.1827154e-14 0.0000000e+0 -1.00000000
vn 0.74129931 -0.67117459 9.0607541e-18
vn 0.74129931 -0.67117459 9.0607541e-18
g paprota_default
usemtl default
s 1
f 1//3 5//23 4//18
f 3//12 6//26 2//6
f 4//14 5//19 8//33
f 7//30 6//24 3//8
f 13//64 17//84 16//78
f 15//73 18//87 14//66
f 16//75 17//79 20//94
f 19//90 18//85 15//69
f 25//122 29//143 28//138
f 26//125 31//149 30//145
f 27//132 31//153 26//128
f 28//135 29//139 32//155
f 33//157 36//172 34//163
f 34//160 36//169 35//166
f 37//176 39//186 40//192
f 38//183 39//188 37//178
f 49//229 52//244 50//235
f 50//232 52//241 51//238
f 53//248 55//258 56//264
f 54//255 55//260 53//250
f 57//267 61//287 60//282
f 59//276 62//290 58//270
f 60//278 61//283 64//297
f 63//294 62//288 59//272
f 69//328 73//348 72//342
f 71//337 74//351 70//330
f 72//340 73//343 76//358
f 75//354 74//349 71//332
s 2
f 1//1 4//15 12//57
f 2//5 11//51 3//10
f 6//29 9//42 10//47
f 7//32 9//41 6//28
f 8//36 10//48 9//43
f 10//44 8//34 5//20
f 11//52 12//58 4//16
f 12//54 11//49 2//4
f 41//193 44//208 42//199
f 42//196 44//205 43//202
f 45//212 47//222 48//228
f 46//219 47//224 45//214
f 57//265 60//279 68//321
f 58//269 67//315 59//274
f 62//293 65//307 66//312
f 63//296 65//306 62//292
f 64//300 66//311 65//305
f 66//308 64//298 61//284
f 67//316 68//322 60//280
f 68//318 67//313 58//268
f 69//326 79//375 80//381
f 70//329 80//380 71//334
f 71//335 80//382 79//376
f 72//338 79//373 69//325
f 73//347 77//367 76//360
f 75//356 78//371 74//353
f 77//366 78//372 75//357
f 78//368 77//362 73//344
s 3
f 13//62 23//112 24//118
f 14//65 24//114 15//68
f 15//71 24//117 23//110
f 16//76 23//111 13//61
f 17//83 21//103 20//96
f 19//92 22//107 18//89
f 21//102 22//108 19//93
f 22//104 21//98 17//80
f 25//121 28//136 26//127
f 26//124 28//133 27//130
f 29//140 31//150 32//156
f 30//147 31//152 29//142
f 33//158 37//179 36//174
f 34//161 39//185 38//181
f 35//168 39//189 34//164
f 36//171 37//175 40//191
f 41//194 45//215 44//210
f 42//197 47//221 46//217
f 43//204 47//225 42//200
f 44//207 45//211 48//227
f 49//230 53//251 52//246
f 50//233 55//257 54//253
f 51//240 55//261 50//236
f 52//243 53//247 56//263
g paprota_image
usemtl image
s 1
f 42/6/201 45/7/216 41/1/195
f 44/1/209 47/12/223 43/6/203
f 46/12/218 45/7/213 42/6/198
f 48/7/226 47/12/220 44/1/206
s 2
f 15/6/70 21/8/99 19/12/91
f 16/1/74 21/8/97 23/2/109
f 17/7/81 24/4/116 22/10/106
f 18/12/88 24/4/119 14/6/67
f 20/7/95 21/8/100 16/1/77
f 22/10/105 24/4/115 18/12/86
f 23/2/113 21/8/101 15/6/72
f 24/4/120 17/7/82 13/1/63
f 26/6/129 29/7/144 25/1/123
f 28/1/137 31/12/151 27/6/131
f 30/12/146 29/7/141 26/6/126
f 32/7/154 31/12/148 28/1/134
f 34/6/165 37/7/180 33/1/159
f 36/1/173 39/12/187 35/6/167
f 38/12/182 37/7/177 34/6/162
f 40/7/190 39/12/184 36/1/170
f 50/6/237 53/7/252 49/1/231
f 52/1/245 55/12/259 51/6/239
f 54/12/254 53/7/249 50/6/234
f 56/7/262 55/12/256 52/1/242
s 3
f 3/6/9 9/11/38 7/12/31
f 4/1/13 9/11/37 11/5/50
f 5/7/21 12/3/56 10/9/46
f 6/12/27 12/3/59 2/6/7
f 8/7/35 9/11/39 4/1/17
f 10/9/45 12/3/55 6/12/25
f 11/5/53 9/11/40 3/6/11
f 12/3/60 5/7/22 1/1/2
f 59/6/273 65/11/302 63/12/295
f 60/1/277 65/11/301 67/5/314
f 61/7/285 68/3/320 66/9/310
f 62/12/291 68/3/323 58/6/271
f 64/7/299 65/11/303 60/1/281
f 66/9/309 68/3/319 62/12/289
f 67/5/317 65/11/304 59/6/275
f 68/3/324 61/7/286 57/1/266
f 71/6/333 77/8/363 75/12/355
f 72/1/339 77/8/361 79/2/374
f 73/7/345 80/4/379 78/10/370
f 74/12/352 80/4/383 70/6/331
f 76/7/359 77/8/364 72/1/341
f 78/10/369 80/4/378 74/12/350
f 79/2/377 77/8/365 71/6/336
f 80/4/384 73/7/346 69/1/327
