# Exported from Wings 3D 2.1.5
mtllib paprota_big.mtl
o paprota
#400 vertices, 640 faces
v -20.22644915 -3.19842407 5.68089418
v -20.22644915 54.15256742 59.74189924
v -20.22644915 54.14656260 59.76038017
v -20.22644915 -3.20442888 5.69937511
v 18.63755085 -3.19842407 5.68089418
v 18.63755085 54.15256742 59.74189924
v 18.63755085 54.14656260 59.76038017
v 18.63755085 -3.20442888 5.69937511
v 18.63755085 33.76043397 17.70998712
v 18.63755085 33.76043397 17.68955511
v -20.22644915 33.76043397 17.70998712
v -20.22644915 33.76043397 17.68955511
v -20.22644915 -3.20442888 -5.27743288
v -20.22644915 49.59357622 -48.49187318
v -20.22644915 49.59958104 -48.47339225
v -20.22644915 -3.19842407 -5.25895195
v 18.63755085 -3.20442888 -5.27743288
v 18.63755085 49.59357622 -48.49187318
v 18.63755085 49.59958104 -48.47339225
v 18.63755085 -3.19842407 -5.25895195
v 18.63755085 33.76043397 -17.26761288
v 18.63755085 33.76043397 -17.28804489
v -20.22644915 33.76043397 -17.26761288
v -20.22644915 33.76043397 -17.28804489
v 6.94005503 -1.88321260 -9.61935227
v 18.68960542 32.60834989 3.89695930
v 18.68394829 32.61282722 3.89045152
v 6.93439790 -1.87873528 -9.62586005
v -7.72546154 -1.88321260 3.12918678
v 4.02408886 32.60834989 16.64549835
v 4.01843173 32.61282722 16.63899057
v -7.73111866 -1.87873528 3.12267900
v 5.68237384 0.95909080 5.73161965
v 25.36186780 29.77704271 -11.37550346
v 25.36730509 29.77052382 -11.38023003
v 5.68781114 0.95257190 5.72689308
v -7.06616521 0.95909080 -8.93389691
v 12.61332875 29.77704271 -26.04102002
v 12.61876604 29.77052382 -26.04574659
v -7.06072792 0.95257190 -8.93862348
v 5.25495702 3.01649222 5.02407211
v -17.39711417 27.70561883 24.71521718
v -17.39245589 27.71312240 24.71116780
v 5.25961530 3.02399579 5.02002273
v -7.49358204 3.01649222 -9.64144445
v -30.14565323 27.70561883 10.04970062
v -30.14099495 27.71312240 10.04565124
v -7.48892376 3.02399579 -9.64549383
v 6.30941353 2.52802063 -5.97728089
v -12.82799389 28.20888655 -27.99234979
v -12.83220593 28.20159398 -27.99719519
v 6.30520149 2.52072807 -5.98212629
v -8.35610303 2.52802063 6.77125816
v -27.49351046 28.20888655 -15.24381074
v -27.49772250 28.20159398 -15.24865614
v -8.36031507 2.52072807 6.76641277
v -6.26437222 -3.19842407 -21.16422888
v -47.73478779 61.76548199 -21.16422888
v -47.75326872 61.75947717 -21.16422888
v -6.28285315 -3.20442888 -21.16422888
v -6.26437222 -3.19842407 17.69977112
v -47.73478779 61.76548199 17.69977112
v -47.75326872 61.75947717 17.69977112
v -6.28285315 -3.20442888 17.69977112
v -18.29346516 33.76043397 17.69977112
v -18.27303314 33.76043397 17.69977112
v -18.29346516 33.76043397 -21.16422888
v -18.27303314 33.76043397 -21.16422888
v 4.69395484 -3.20442888 -21.16422888
v 55.18932069 50.64158823 -21.16422888
v 55.17083976 50.64759305 -21.16422888
v 4.67547391 -3.19842407 -21.16422888
v 4.69395484 -3.20442888 17.69977112
v 55.18932069 50.64158823 17.69977112
v 55.17083976 50.64759305 17.69977112
v 4.67547391 -3.19842407 17.69977112
v 16.68413484 33.76043397 17.69977112
v 16.70456686 33.76043397 17.69977112
v 16.68413484 33.76043397 -21.16422888
v 16.70456686 33.76043397 -21.16422888
v 27.62181673 -3.16527758 3.42896936
v 22.25757666 35.25280962 -17.29261685
v 22.25495779 35.25208824 -17.30311413
v 27.61919785 -3.16599895 3.41847208
v 6.58252856 -3.26803394 8.68494197
v 1.21828849 35.15005325 -12.03664424
v 1.21566961 35.14933188 -12.04714152
v 6.57990968 -3.26875532 8.67444469
v 6.13072023 18.37082491 7.29943342
v 6.13341208 18.36803101 7.31015407
v 27.17000841 18.47358128 2.04346081
v 27.17270025 18.47078738 2.05418146
v 29.06535393 -4.66698306 9.17798815
v 36.37724078 17.98645116 38.88983996
v 36.37499006 17.99222675 38.88094341
v 29.06310321 -4.66120747 9.16909159
v 8.02606576 -4.76973943 14.43396076
v 15.33795261 17.88369479 44.14581257
v 15.33570189 17.88947038 44.13691601
v 8.02381504 -4.76396384 14.42506420
v 10.73889674 13.58793885 25.65213207
v 10.74158858 13.58514495 25.66285272
v 31.77818491 13.69069522 20.39615946
v 31.78087676 13.68790132 20.40688011
v 14.97111881 -4.61778051 15.30629010
v 7.88704085 15.85862064 14.40059203
v 7.89109800 15.86016786 14.40383835
v 14.97517596 -4.61623330 15.30953642
v 21.23081953 -2.83575180 6.63378274
v 14.14674158 17.64064935 5.72808467
v 14.15079873 17.64219656 5.73133099
v 21.23487669 -2.83420459 6.63702906
v 13.71666760 -0.97771397 7.46040971
v 6.20026584 12.22092213 22.93901311
v 6.19774519 12.21673485 22.94135959
v 13.71414695 -0.98190125 7.46275619
v 22.55030561 -2.94939014 13.43127195
v 15.03390385 10.24924596 28.90987536
v 15.03138321 10.24505868 28.91222184
v 22.54778497 -2.95357742 13.43361843
v 14.10433962 3.9677031e-2 8.04808014
v 24.52980249 16.14847475 -2.05656304
v 24.52804421 16.15196799 -2.05280822
v 14.10258135 4.3170275e-2 8.05183496
v 22.93797764 -1.93199914 14.01894239
v 33.36344050 14.17679857 3.91429920
v 33.36168223 14.18029182 3.91805402
v 22.93621936 -1.92850590 14.02269721
v 14.96791806 -1.73170449 13.89797281
v 29.01574390 9.20134491 26.28403246
v 29.01843893 9.19674835 26.28503320
v 14.97061309 -1.73630105 13.89897354
v 21.22761879 5.0324221e-2 5.22546545
v 35.27544463 10.98337362 17.61152510
v 35.27813965 10.97877706 17.61252584
v 21.23031382 4.5727664e-2 5.22646618
v 23.60010344 -6.87303305 19.40280171
v 48.04187628 28.38075482 22.45318947
v 48.05169698 28.37755520 22.44988974
v 23.60992414 -6.87623267 19.39950198
v 18.47990733 -1.55871521 -0.98908568
v 42.92168017 33.69507267 2.06130208
v 42.93150086 33.69187305 2.05800235
v 18.48972802 -1.56191483 -0.99238540
v 26.12492042 18.46707352 2.31023815
v 26.11385942 18.46701950 2.31300138
v 31.24511654 13.15275568 22.70212554
v 31.23405553 13.15270165 22.70488877
v 17.66755520 -6.90525534 20.88400698
v -8.01778872 22.09082534 34.88998796
v -8.00759986 22.09412269 34.88828897
v 17.67774405 -6.90195799 20.88230798
v 12.54735908 -1.59093749 0.49211959
v -13.13798483 27.40514318 14.49810057
v -13.12779598 27.40844053 14.49640158
v 12.55754794 -1.58764015 0.49042059
v 7.18956107 18.37459279 7.04061350
v 7.17850006 18.37453877 7.04337673
v 12.30975719 13.06027495 27.43250089
v 12.29869618 13.06022092 27.43526412
v -8.28399187 -0.79035913 -8.73579792
v 12.42133454 37.62772807 -3.30913552
v 12.43177549 37.62700669 -3.30630039
v -8.27355092 -0.79108050 -8.73296280
v -2.60782645 -0.89311550 -29.66563406
v 18.09749996 37.52497170 -24.23897166
v 18.10794092 37.52425032 -24.23613653
v -2.59738549 -0.89383687 -29.66279893
v -1.17796639 20.74574336 -29.38409379
v -1.18863792 20.74294945 -29.38697419
v -6.85413182 20.84849972 -8.45425765
v -6.86480335 20.84570582 -8.45713805
v -14.00668086 -2.29206462 -10.28041678
v -43.50998689 20.36136960 -18.39292321
v -43.50112286 20.36714520 -18.39054764
v -13.99781682 -2.28628902 -10.27804121
v -8.33051543 -2.39482098 -31.21025292
v -37.83382146 20.25861324 -39.32275935
v -37.82495743 20.26438883 -39.32038378
v -8.32165140 -2.38904539 -31.20787735
v -19.44658563 15.96285730 -34.31505609
v -19.45725717 15.96006340 -34.31793649
v -25.12275106 16.06561367 -13.38521995
v -25.13342260 16.06281976 -13.38810036
v -12.48020219 -2.24286207 -25.57333708
v -8.23356249 18.23353909 -31.31533157
v -8.23837559 18.23508630 -31.31337374
v -12.48501529 -2.24131485 -25.57137925
v -7.96363451 -0.46083336 -15.87813963
v -3.71699481 20.01556780 -21.62013412
v -3.72180792 20.01711501 -21.61817629
v -7.96844762 -0.45928614 -15.87618180
v -5.01936384 1.39720448 -22.84068670
v -14.86402928 14.59584058 -36.95330592
v -14.86484785 14.59165330 -36.95665100
v -5.02018241 1.39301720 -22.84403178
v -14.54103694 -0.57447169 -18.04255187
v -24.38570238 12.62416441 -32.15517109
v -24.38652095 12.61997712 -32.15851617
v -14.54185552 -0.57865898 -18.04589695
v -5.72148388 2.41459548 -22.78897993
v -1.98708052 18.52339319 -8.75871545
v -1.98950039 18.52688644 -8.76208211
v -5.72390375 2.41808872 -22.79234659
v -15.24315698 0.44291930 -17.99084510
v -11.50875362 16.55171702 -3.96058062
v -11.51117349 16.55521026 -3.96394728
v -15.24557685 0.44641255 -17.99421176
v -11.24928942 0.64321396 -24.88906988
v -28.91472187 11.57626336 -18.66907141
v -28.91691022 11.57166680 -18.66720708
v -11.25147778 0.63861740 -24.88720555
v -6.73272174 2.42524267 -15.19387244
v -24.39815419 13.35829207 -8.97387397
v -24.40034255 13.35369551 -8.97200964
v -6.73491010 2.42064611 -15.19200811
v -20.26587112 -4.49811460 -20.03942864
v -34.85277690 30.75567327 -0.19182666
v -34.85468761 30.75247365 -0.18164415
v -20.26778183 -4.50131422 -20.02924614
v 3.2594715e-2 0.81620324 -14.56058164
v -14.55431107 36.06999111 5.28702035
v -14.55622178 36.06679149 5.29720285
v 3.0683999e-2 0.81300362 -14.55039913
v -6.57715138 20.84199197 -9.49668793
v -6.57416724 20.84193794 -9.50769139
v -26.87561721 15.52767412 -14.97553493
v -26.87263307 15.52762010 -14.98653840
v -18.66459693 -4.53033689 -25.94070128
v -18.35988382 24.46574379 -55.19495815
v -18.36337146 24.46904113 -55.18523520
v -18.66808457 -4.52703954 -25.93097833
v 1.63386890 0.78398095 -20.46185428
v 1.93858201 29.78006163 -49.71611115
v 1.93509437 29.78335898 -49.70638820
v 1.63038126 0.78727830 -20.45213133
v -1.46860249 20.74951124 -28.33354045
v -1.46561836 20.74945721 -28.34454392
v -21.76706833 15.43519339 -33.81238745
v -21.76408419 15.43513937 -33.82339092
v -3.46252806 -3.45657748 10.78089416
v -2.54143552 34.96150971 -10.60393212
v -2.54087463 34.96078834 -10.61473661
v -3.46196717 -3.45729886 10.77008968
v -25.11958845 -3.55933385 9.66347288
v -24.19849591 34.85875334 -11.72135340
v -24.19793502 34.85803197 -11.73215788
v -25.11902756 -3.56005523 9.65266840
v -25.14708001 18.07952500 8.20641801
v -25.14763635 18.07673110 8.21745743
v -3.49001963 18.18228137 9.32383928
v -3.49057596 18.17948747 9.33487870
v -3.76085056 -4.95828297 16.70086209
v -5.44469860 17.69515125 47.25282575
v -5.44425308 17.70092684 47.24365973
v -3.76040503 -4.95250738 16.69169607
v -25.41791094 -5.06103934 15.58344082
v -27.10175899 17.59239488 46.13540447
v -27.10131346 17.59817047 46.12623845
v -25.41746542 -5.05526375 15.57427480
v -26.09947196 13.29663894 27.10482503
v -26.10002830 13.29384504 27.11586445
v -4.44241158 13.39939531 28.22224630
v -4.44296792 13.39660141 28.23328573
v -19.03036850 -4.90908042 18.44596102
v -25.54113037 15.56732073 15.51092620
v -25.53819813 15.56886795 15.51521585
v -19.02743626 -4.90753320 18.45025066
v -10.51084784 -3.12705171 11.97958609
v -17.02160970 17.34934944 9.04455127
v -17.01867746 17.35089666 9.04884092
v -10.50791560 -3.12550450 11.98387573
v -17.93883988 -1.26901388 10.57576075
v -29.64791572 11.92962223 23.18452761
v -29.65101174 11.92543494 23.18603568
v -17.94193591 -1.27320116 10.57726882
v -11.23400673 -3.24069005 18.86609060
v -22.94308257 9.95794605 31.47485746
v -22.94617859 9.95375877 31.47636552
v -11.23710275 -3.24487733 18.86759866
v -17.73968977 -0.25162288 11.25102764
v -4.81776815 15.85717484 4.63150865
v -4.82054633 15.86066808 4.63458630
v -17.74246794 -0.24812963 11.25410529
v -11.03485661 -2.22329905 19.54135748
v 1.88706500 13.88549867 12.92183849
v 1.88428683 13.88899191 12.92491614
v -11.03763479 -2.21980581 19.54443513
v -18.62214773 -2.02300440 17.09810211
v -8.80391073 8.91004500 33.04671041
v -8.80162544 8.90544845 33.04845457
v -18.61986244 -2.02760095 17.09984627
v -10.10262706 -0.24097569 10.63172718
v -0.28439007 10.69207371 26.58033549
v -0.28210478 10.68747716 26.58207964
v -10.10034177 -0.24557224 10.63347134
v -11.97388585 -7.16433296 24.88388272
v 10.51156203 28.08945492 34.93921754
v 10.52191826 28.08625530 34.93892967
v -11.96352962 -7.16753258 24.88359485
v -10.91567257 -1.85001512 3.88565269
v 11.56977532 33.40377276 13.94098751
v 11.58013154 33.40057314 13.94069965
v -10.90531634 -1.85321474 3.88536483
v -4.56745792 18.17577361 9.27378166
v -4.57884371 18.17571959 9.27319420
v -5.62567120 12.86145577 30.27201168
v -5.63705699 12.86140175 30.27142422
v -18.08038310 -7.19655524 24.56798867
v -46.73629642 21.79952543 30.46231027
v -46.72605556 21.80282278 30.46366087
v -18.07014224 -7.19325790 24.56933926
v -17.02216982 -1.88223740 3.56975864
v -45.67808314 27.11384328 9.46408024
v -45.66784228 27.11714062 9.46543084
v -17.01192896 -1.87894006 3.57110924
v -24.05881226 18.08329288 8.26810251
v -24.07019805 18.08323886 8.26751505
v -25.11702555 12.76897504 29.26633254
v -25.12841134 12.76892102 29.26574507
v 6.89316499 -2.92135575 -14.95356353
v -9.53404821 35.49673145 -1.23110483
v -9.54241224 35.49601007 -1.22424229
v 6.88480096 -2.92207712 -14.94670099
v 20.65386262 -3.02411211 1.80710756
v 4.22664942 35.39397508 15.52956627
v 4.21828539 35.39325371 15.53642881
v 20.64549859 -3.02483349 1.81397010
v 19.59538074 18.61474674 2.80879655
v 19.60391536 18.61195284 2.80177240
v 5.83468311 18.71750311 -13.95187455
v 5.84321773 18.71470920 -13.95889869
v 11.46990355 -4.42306123 -18.72032352
v 35.18684549 18.23037299 -38.05331326
v 35.17977025 18.23614858 -38.04746900
v 11.46282831 -4.41728564 -18.71447926
v 25.23060118 -4.52581760 -1.95965243
v 48.94754313 18.12761662 -21.29264216
v 48.94046789 18.13339221 -21.28679790
v 25.22352594 -4.52004201 -1.95380817
v 34.20581070 13.83186068 -9.21585210
v 34.21434532 13.82906678 -9.22287624
v 20.44511307 13.93461705 -25.97652319
v 20.45364769 13.93182315 -25.98354733
v 23.04427144 -4.37385868 -8.60906463
v 25.25999302 16.10254247 -1.81973275
v 25.26118881 16.10408968 -1.82478935
v 23.04546723 -4.37231147 -8.61412122
v 12.52643711 -2.59182997 -10.55107342
v 14.74215869 17.88457118 -3.76174154
v 14.74335448 17.88611839 -3.76679814
v 12.52763290 -2.59028276 -10.55613002
v 16.49174998 -0.73379214 -4.11507426
v 33.69805824 12.46484396 -3.95254778
v 33.70125820 12.46065668 -3.95127504
v 16.49494994 -0.73797942 -4.11380152
v 18.10374138 -2.70546831 -14.65480102
v 35.31004964 10.49316779 -14.49227454
v 35.31324960 10.48898051 -14.49100180
v 18.10694135 -2.70965560 -14.65352828
v 16.85674765 0.28359886 -4.71708990
v 3.26057176 16.39239657 -9.81003514
v 3.26471783 16.39588982 -9.81005451
v 16.86089371 0.28709210 -4.71710927
v 18.46873905 -1.68807731 -15.25681666
v 4.87256317 14.42072040 -20.34976190
v 4.87670923 14.42421364 -20.34978127
v 18.47288511 -1.68458407 -15.25683603
v 21.77303821 -1.48778266 -8.00298386
v 26.94876399 9.44526674 -26.00208792
v 26.94851399 9.44067018 -26.00495186
v 21.77278821 -1.49237922 -8.00584780
v 11.25520388 0.29424605 -9.94499265
v 16.43092966 11.22729545 -27.94409672
v 16.43067966 11.22269889 -27.94696066
v 11.25495388 0.28964949 -9.94785659
v 23.05018884 -6.62911122 -18.16106694
v 15.33810612 28.62467665 -41.55399120
v 15.33091813 28.62147703 -41.56145223
v 23.04300084 -6.63231084 -18.16852797
v 6.81637778 -1.31479338 -4.80034623
v -0.89570494 33.93899449 -28.19327048
v -0.90289294 33.93579487 -28.20073152
v 6.80918978 -1.31799300 -4.80780726
v 6.52336809 18.71099535 -13.12175887
v 6.53060252 18.71094133 -13.11294726
v 22.75717915 13.39667751 -26.48247958
v 22.76441358 13.39662348 -26.47366798
v 26.92959347 -6.66133351 -13.43461823
v 50.58702680 22.33474717 3.77672231
v 50.58112760 22.33804452 3.76824300
v 26.92369426 -6.65803616 -13.44309754
v 10.69578240 -1.34701567 -7.3897514e-2
v 34.35321574 27.64906501 17.13744303
v 34.34731653 27.65236236 17.12896371
v 10.68988320 -1.34371832 -8.2376827e-2
v 18.90799596 18.61851462 1.96284511
v 18.91523039 18.61846059 1.97165672
v 35.14180702 13.30419677 -11.39787560
v 35.14904145 13.30414275 -11.38906399
vt 0.0000000e+0 0.0000000e+0
vt 0.0000000e+0 0.49995939
vt 0.0000000e+0 0.49995939
vt 0.0000000e+0 0.50004061
vt 0.0000000e+0 0.50004061
vt 0.0000000e+0 1.00000000
vt 1.00000000 0.0000000e+0
vt 1.00000000 0.49995939
vt 1.00000000 0.49995939
vt 1.00000000 0.50004061
vt 1.00000000 0.50004061
vt 1.00000000 1.00000000
vn -1.00000000 7.5274949e-14 0.0000000e+0
vn -7.5274949e-17 0.30901699 -0.95105652
vn 0.0000000e+0 -0.95105652 -0.30901699
vn -1.00000000 -6.4839213e-14 0.0000000e+0
vn -1.00000000 -6.4839213e-14 0.0000000e+0
vn -4.4102833e-16 0.95105652 0.30901699
vn -3.0891683e-16 0.89978791 -0.43632752
vn -7.3504721e-17 0.95105652 0.30901699
vn 1.8779090e-16 -0.89983041 0.43623988
vn -1.00000000 -1.2967843e-13 0.0000000e+0
vn 1.8779090e-16 -0.89983041 0.43623988
vn -7.3504721e-17 0.95105652 0.30901699
vn 3.4280185e-17 -0.30901699 0.95105652
vn 4.7779380e-18 -0.95105652 -0.30901699
vn -1.00000000 3.7637475e-14 0.0000000e+0
vn -1.00000000 3.7637475e-14 0.0000000e+0
vn 3.4280185e-17 -0.30901699 0.95105652
vn 4.7779380e-18 -0.95105652 -0.30901699
vn 4.7779380e-18 -0.95105652 -0.30901699
vn 1.00000000 -7.5274949e-14 0.0000000e+0
vn -7.5274949e-17 0.30901699 -0.95105652
vn -7.5274949e-17 0.30901699 -0.95105652
vn 4.7779380e-18 -0.95105652 -0.30901699
vn -7.3504721e-17 0.95105652 0.30901699
vn -1.5445842e-16 0.89978791 -0.43632752
vn -7.3504721e-17 0.95105652 0.30901699
vn -1.5445842e-16 0.89978791 -0.43632752
vn 1.00000000 -5.3018186e-14 0.0000000e+0
vn 1.00000000 -5.3018186e-14 0.0000000e+0
vn 2.9401888e-16 0.95105652 0.30901699
vn 3.7558181e-16 -0.89983041 0.43623988
vn 1.00000000 -1.0603637e-13 0.0000000e+0
vn 9.5558759e-18 -0.95105652 -0.30901699
vn 1.00000000 -3.7637475e-14 0.0000000e+0
vn 6.8560370e-17 -0.30901699 0.95105652
vn 1.00000000 -3.7637475e-14 0.0000000e+0
vn 1.2068540e-16 -0.65695285 0.75393166
vn 1.2068540e-16 -0.65695285 0.75393166
vn 1.2068540e-16 -0.65695285 0.75393166
vn 1.2068540e-16 -0.65695285 0.75393166
vn 1.00000000 -3.5345457e-14 0.0000000e+0
vn 1.00000000 -3.5345457e-14 0.0000000e+0
vn 1.00000000 -3.5345457e-14 0.0000000e+0
vn 1.00000000 -2.5091650e-14 0.0000000e+0
vn -4.0907617e-17 0.65691614 -0.75396365
vn -4.0907617e-17 0.65691614 -0.75396365
vn 1.00000000 -2.5091650e-14 0.0000000e+0
vn 1.00000000 -2.5091650e-14 0.0000000e+0
vn -1.00000000 -4.3226142e-14 0.0000000e+0
vn 0.0000000e+0 -0.65695285 0.75393166
vn -1.00000000 -4.3226142e-14 0.0000000e+0
vn -1.00000000 -4.3226142e-14 0.0000000e+0
vn 0.0000000e+0 -0.65695285 0.75393166
vn -1.00000000 2.5091650e-14 0.0000000e+0
vn -1.2484691e-16 0.65691614 -0.75396365
vn -1.2484691e-16 0.65691614 -0.75396365
vn -1.00000000 2.5091650e-14 0.0000000e+0
vn -1.00000000 2.5091650e-14 0.0000000e+0
vn -1.2484691e-16 0.65691614 -0.75396365
vn -1.2484691e-16 0.65691614 -0.75396365
vn -1.00000000 -1.5510756e-14 0.0000000e+0
vn -1.00000000 -1.5510756e-14 0.0000000e+0
vn 0.0000000e+0 -0.30901699 -0.95105652
vn -1.8376180e-17 -0.95105652 0.30901699
vn -1.00000000 -4.4872962e-14 0.0000000e+0
vn -7.3504721e-16 0.95105652 -0.30901699
vn 1.8262046e-16 -0.89176828 -0.45249236
vn -1.00000000 -2.2436481e-14 0.0000000e+0
vn -3.6752361e-16 0.95105652 -0.30901699
vn 8.3589458e-17 0.89171045 0.45260632
vn -1.00000000 -2.2436481e-14 0.0000000e+0
vn 8.3589458e-17 0.89171045 0.45260632
vn -3.6752361e-16 0.95105652 -0.30901699
vn 1.5054990e-16 0.30901699 0.95105652
vn 1.8376180e-17 -0.95105652 0.30901699
vn -1.00000000 -3.1021512e-14 0.0000000e+0
vn 1.5054990e-16 0.30901699 0.95105652
vn 1.8376180e-17 -0.95105652 0.30901699
vn 1.8376180e-17 -0.95105652 0.30901699
vn 1.00000000 -3.7263807e-14 0.0000000e+0
vn -1.5052544e-16 -0.30901699 -0.95105652
vn -1.5052544e-16 -0.30901699 -0.95105652
vn 1.00000000 -3.7263807e-14 0.0000000e+0
vn 1.8376180e-17 -0.95105652 0.30901699
vn -3.6752361e-16 0.95105652 -0.30901699
vn 1.7491033e-16 -0.89176828 -0.45249236
vn -3.6752361e-16 0.95105652 -0.30901699
vn 1.7491033e-16 -0.89176828 -0.45249236
vn 1.00000000 1.7856663e-13 0.0000000e+0
vn 0.0000000e+0 0.95105652 -0.30901699
vn 1.6717892e-16 0.89171045 0.45260632
vn 1.00000000 8.9283315e-14 0.0000000e+0
vn 1.00000000 8.9283315e-14 0.0000000e+0
vn 5.5128541e-17 -0.95105652 0.30901699
vn 1.5054990e-16 0.30901699 0.95105652
vn 1.00000000 7.3510693e-16 0.0000000e+0
vn 1.2675611e-16 0.65003827 0.75990148
vn 1.00000000 -2.4842538e-14 0.0000000e+0
vn 1.2675611e-16 0.65003827 0.75990148
vn 1.2675611e-16 0.65003827 0.75990148
vn 1.2675611e-16 0.65003827 0.75990148
vn 1.00000000 -2.4842538e-14 0.0000000e+0
vn 1.00000000 -2.4842538e-14 0.0000000e+0
vn 1.00000000 3.4434637e-14 0.0000000e+0
vn -7.2464710e-17 -0.65008682 -0.75985994
vn -7.2464710e-17 -0.65008682 -0.75985994
vn 1.00000000 3.4434637e-14 0.0000000e+0
vn 1.00000000 3.4434637e-14 0.0000000e+0
vn 8.1503255e-17 0.65003827 0.75990148
vn -1.00000000 -1.0340504e-14 0.0000000e+0
vn -1.00000000 -1.0340504e-14 0.0000000e+0
vn -1.00000000 -1.0340504e-14 0.0000000e+0
vn 8.1503255e-17 0.65003827 0.75990148
vn -1.00000000 -1.4957654e-14 0.0000000e+0
vn 1.3201609e-17 -0.65008682 -0.75985994
vn 1.3201609e-17 -0.65008682 -0.75985994
vn -1.00000000 -1.4957654e-14 0.0000000e+0
vn -1.00000000 -1.4957654e-14 0.0000000e+0
vn 1.3201609e-17 -0.65008682 -0.75985994
vn 1.3201609e-17 -0.65008682 -0.75985994
vn 0.75470958 6.0215068e-13 -0.65605903
vn -0.30232478 -0.88749389 -0.34778488
vn 0.58224838 -0.46081948 0.66980014
vn 0.75470958 2.5598019e-13 -0.65605903
vn 0.30232478 0.88749389 0.34778488
vn 0.58224838 -0.46081948 0.66980014
vn 0.75470958 2.5598019e-13 -0.65605903
vn 0.30232478 0.88749389 0.34778488
vn 0.58224838 -0.46081948 0.66980014
vn 0.75470958 -9.0190293e-14 -0.65605903
vn -0.58224838 0.46081948 -0.66980014
vn 0.30232478 0.88749389 0.34778488
vn 0.75470958 2.5598019e-13 -0.65605903
vn -0.58224838 0.46081948 -0.66980014
vn -0.30232478 -0.88749389 -0.34778488
vn 0.75470958 2.5598019e-13 -0.65605903
vn -0.58224838 0.46081948 -0.66980014
vn -0.30232478 -0.88749389 -0.34778488
vn -0.30232478 -0.88749389 -0.34778488
vn -0.75470958 3.6752361e-16 0.65605903
vn 0.58224838 -0.46081948 0.66980014
vn -0.75470958 3.6752361e-16 0.65605903
vn -0.30232478 -0.88749389 -0.34778488
vn 0.58224838 -0.46081948 0.66980014
vn 0.30232478 0.88749389 0.34778488
vn 0.58224838 -0.46081948 0.66980014
vn -0.75470958 0.0000000e+0 0.65605903
vn -0.58224838 0.46081948 -0.66980014
vn 0.30232478 0.88749389 0.34778488
vn -0.75470958 3.6752361e-16 0.65605903
vn -0.58224838 0.46081948 -0.66980014
vn -0.75470958 3.6752361e-16 0.65605903
vn 0.30232478 0.88749389 0.34778488
vn -0.58224838 0.46081948 -0.66980014
vn -0.30232478 -0.88749389 -0.34778488
vn -0.75470958 7.3504721e-16 0.65605903
vn 0.65605903 -3.0107534e-13 0.75470958
vn -0.50636821 -0.74150761 0.44017917
vn -0.55962290 0.67094445 0.48647277
vn 0.65605903 7.0307266e-14 0.75470958
vn 0.50636821 0.74150761 -0.44017917
vn -0.55962290 0.67094445 0.48647277
vn 0.65605903 7.0307266e-14 0.75470958
vn 0.50636821 0.74150761 -0.44017917
vn -0.55962290 0.67094445 0.48647277
vn 0.65605903 4.4168987e-13 0.75470958
vn 0.55962290 -0.67094445 -0.48647277
vn 0.50636821 0.74150761 -0.44017917
vn 0.65605903 7.0307266e-14 0.75470958
vn 0.55962290 -0.67094445 -0.48647277
vn -0.50636821 -0.74150761 0.44017917
vn 0.65605903 7.0307266e-14 0.75470958
vn 0.55962290 -0.67094445 -0.48647277
vn -0.50636821 -0.74150761 0.44017917
vn -0.50636821 -0.74150761 0.44017917
vn -0.65605903 3.7266894e-14 -0.75470958
vn -0.55962290 0.67094445 0.48647277
vn -0.65605903 3.7266894e-14 -0.75470958
vn -0.50636821 -0.74150761 0.44017917
vn -0.55962290 0.67094445 0.48647277
vn 0.50636821 0.74150761 -0.44017917
vn -0.55962290 0.67094445 0.48647277
vn -0.65605903 -3.0107534e-13 -0.75470958
vn 0.55962290 -0.67094445 -0.48647277
vn 0.50636821 0.74150761 -0.44017917
vn -0.65605903 3.7266894e-14 -0.75470958
vn 0.55962290 -0.67094445 -0.48647277
vn -0.65605903 3.7266894e-14 -0.75470958
vn 0.50636821 0.74150761 -0.44017917
vn 0.55962290 -0.67094445 -0.48647277
vn -0.50636821 -0.74150761 0.44017917
vn -0.65605903 3.7560913e-13 -0.75470958
vn 0.65605903 3.0107534e-13 0.75470958
vn 0.58285486 -0.63526983 -0.50666800
vn -0.47944423 -0.77229026 0.41677451
vn 0.65605903 -4.5760364e-13 0.75470958
vn -0.58285486 0.63526983 0.50666800
vn -0.47944423 -0.77229026 0.41677451
vn 0.65605903 -4.5760364e-13 0.75470958
vn -0.58285486 0.63526983 0.50666800
vn -0.47944423 -0.77229026 0.41677451
vn 0.65605903 -1.2162826e-12 0.75470958
vn 0.47944423 0.77229026 -0.41677451
vn -0.58285486 0.63526983 0.50666800
vn 0.65605903 -4.5760364e-13 0.75470958
vn 0.47944423 0.77229026 -0.41677451
vn 0.58285486 -0.63526983 -0.50666800
vn 0.65605903 -4.5760364e-13 0.75470958
vn 0.47944423 0.77229026 -0.41677451
vn 0.58285486 -0.63526983 -0.50666800
vn 0.58285486 -0.63526983 -0.50666800
vn -0.65605903 6.3248975e-13 -0.75470958
vn -0.47944423 -0.77229026 0.41677451
vn -0.65605903 6.3248975e-13 -0.75470958
vn 0.58285486 -0.63526983 -0.50666800
vn -0.47944423 -0.77229026 0.41677451
vn -0.58285486 0.63526983 0.50666800
vn -0.47944423 -0.77229026 0.41677451
vn -0.65605903 1.5053767e-12 -0.75470958
vn 0.47944423 0.77229026 -0.41677451
vn -0.58285486 0.63526983 0.50666800
vn -0.65605903 6.3248975e-13 -0.75470958
vn 0.47944423 0.77229026 -0.41677451
vn -0.65605903 6.3248975e-13 -0.75470958
vn -0.58285486 0.63526983 0.50666800
vn 0.47944423 0.77229026 -0.41677451
vn 0.58285486 -0.63526983 -0.50666800
vn -0.65605903 -2.4039719e-13 -0.75470958
vn 0.75470958 -8.2795718e-13 -0.65605903
vn 0.49241991 -0.66078803 0.56646431
vn 0.43351595 0.75057257 0.49870306
vn 0.75470958 -4.2377309e-13 -0.65605903
vn -0.49241991 0.66078803 -0.56646431
vn 0.43351595 0.75057257 0.49870306
vn 0.75470958 -4.2377309e-13 -0.65605903
vn -0.49241991 0.66078803 -0.56646431
vn 0.43351595 0.75057257 0.49870306
vn 0.75470958 -1.9589008e-14 -0.65605903
vn -0.43351595 -0.75057257 -0.49870306
vn -0.49241991 0.66078803 -0.56646431
vn 0.75470958 -4.2377309e-13 -0.65605903
vn -0.43351595 -0.75057257 -0.49870306
vn 0.49241991 -0.66078803 0.56646431
vn 0.75470958 -4.2377309e-13 -0.65605903
vn -0.43351595 -0.75057257 -0.49870306
vn 0.49241991 -0.66078803 0.56646431
vn 0.49241991 -0.66078803 0.56646431
vn -0.75470958 1.5494795e-13 0.65605903
vn 0.43351595 0.75057257 0.49870306
vn -0.75470958 1.5494795e-13 0.65605903
vn 0.49241991 -0.66078803 0.56646431
vn 0.43351595 0.75057257 0.49870306
vn -0.49241991 0.66078803 -0.56646431
vn 0.43351595 0.75057257 0.49870306
vn -0.75470958 0.0000000e+0 0.65605903
vn -0.43351595 -0.75057257 -0.49870306
vn -0.49241991 0.66078803 -0.56646431
vn -0.75470958 1.5494795e-13 0.65605903
vn -0.43351595 -0.75057257 -0.49870306
vn -0.75470958 1.5494795e-13 0.65605903
vn -0.49241991 0.66078803 -0.56646431
vn -0.43351595 -0.75057257 -0.49870306
vn 0.49241991 -0.66078803 0.56646431
vn -0.75470958 3.0989590e-13 0.65605903
vn -3.0109980e-13 0.0000000e+0 -1.00000000
vn 0.95105652 0.30901699 -1.5054990e-16
vn 0.30901699 -0.95105652 -3.6752361e-17
vn -2.3501983e-13 -9.1398703e-14 -1.00000000
vn -2.3501983e-13 -9.1398703e-14 -1.00000000
vn -0.30901699 0.95105652 5.8803777e-16
vn 0.68896126 0.72479817 -5.3551803e-16
vn -0.30901699 0.95105652 2.9401888e-16
vn -0.68890761 -0.72484916 0.0000000e+0
vn -7.2671851e-14 0.0000000e+0 -1.00000000
vn -0.68890761 -0.72484916 0.0000000e+0
vn -0.30901699 0.95105652 2.9401888e-16
vn -0.95105652 -0.30901699 1.4301479e-16
vn 0.30901699 -0.95105652 -2.7576973e-17
vn -1.5054990e-13 -2.8200424e-14 -1.00000000
vn -1.5054990e-13 -2.8200424e-14 -1.00000000
vn -0.95105652 -0.30901699 1.4301479e-16
vn 0.30901699 -0.95105652 -2.7576973e-17
vn 0.30901699 -0.95105652 -2.7576973e-17
vn 0.0000000e+0 0.0000000e+0 1.00000000
vn 0.95105652 0.30901699 -1.5054990e-16
vn 0.95105652 0.30901699 -1.5054990e-16
vn 0.30901699 -0.95105652 -2.7576973e-17
vn -0.30901699 0.95105652 2.9401888e-16
vn 0.68896126 0.72479817 -2.6775901e-16
vn -0.30901699 0.95105652 2.9401888e-16
vn 0.68896126 0.72479817 -2.6775901e-16
vn -3.6455846e-14 0.0000000e+0 1.00000000
vn -3.6455846e-14 0.0000000e+0 1.00000000
vn -0.30901699 0.95105652 0.0000000e+0
vn -0.68890761 -0.72484916 0.0000000e+0
vn -7.2911692e-14 0.0000000e+0 1.00000000
vn 0.30901699 -0.95105652 -1.8401586e-17
vn 0.0000000e+0 0.0000000e+0 1.00000000
vn -0.95105652 -0.30901699 1.3550415e-16
vn 0.0000000e+0 0.0000000e+0 1.00000000
vn -0.84593125 -0.53329196 7.3770324e-17
vn -0.84593125 -0.53329196 7.3770324e-17
vn -0.84593125 -0.53329196 7.3770324e-17
vn -0.84593125 -0.53329196 7.3770324e-17
vn -2.4303897e-14 0.0000000e+0 1.00000000
vn -2.4303897e-14 0.0000000e+0 1.00000000
vn -2.4303897e-14 0.0000000e+0 1.00000000
vn 0.0000000e+0 0.0000000e+0 1.00000000
vn 0.84595099 0.53326066 -7.7656375e-17
vn 0.84595099 0.53326066 -7.7656375e-17
vn 0.0000000e+0 0.0000000e+0 1.00000000
vn 0.0000000e+0 0.0000000e+0 1.00000000
vn -1.5667989e-13 -7.9732751e-14 -1.00000000
vn -0.84593125 -0.53329196 7.7644488e-17
vn -1.5667989e-13 -7.9732751e-14 -1.00000000
vn -1.5667989e-13 -7.9732751e-14 -1.00000000
vn -0.84593125 -0.53329196 7.7644488e-17
vn -2.3282254e-13 -7.9732751e-14 -1.00000000
vn 0.84595099 0.53326066 -2.1577134e-16
vn 0.84595099 0.53326066 -2.1577134e-16
vn -2.3282254e-13 -7.9732751e-14 -1.00000000
vn -2.3282254e-13 -7.9732751e-14 -1.00000000
vn 0.84595099 0.53326066 -2.1577134e-16
vn 0.84595099 0.53326066 -2.1577134e-16
vn 1.5448272e-13 0.0000000e+0 -1.00000000
vn 1.5448272e-13 0.0000000e+0 -1.00000000
vn 0.95105652 -0.30901699 -7.5262721e-17
vn -0.30901699 -0.95105652 0.0000000e+0
vn -1.7734592e-13 0.0000000e+0 -1.00000000
vn 0.30901699 0.95105652 -2.9401888e-16
vn 0.40169894 -0.91577179 3.9466543e-16
vn 0.30901699 0.95105652 -1.4700944e-16
vn -0.40180168 0.91572671 0.0000000e+0
vn 7.6072109e-14 0.0000000e+0 -1.00000000
vn 7.6072109e-14 0.0000000e+0 -1.00000000
vn -0.40180168 0.91572671 0.0000000e+0
vn 0.30901699 0.95105652 -1.4700944e-16
vn 3.0896544e-13 0.0000000e+0 -1.00000000
vn -0.95105652 0.30901699 4.5161262e-17
vn -0.30901699 -0.95105652 1.2926527e-17
vn -0.95105652 0.30901699 4.5161262e-17
vn -0.30901699 -0.95105652 1.2926527e-17
vn -0.30901699 -0.95105652 1.2926527e-17
vn 3.0366659e-13 -2.8200424e-14 1.00000000
vn 0.95105652 -0.30901699 -9.4078401e-17
vn 0.95105652 -0.30901699 -9.4078401e-17
vn 3.0366659e-13 -2.8200424e-14 1.00000000
vn -0.30901699 -0.95105652 1.2926527e-17
vn 0.30901699 0.95105652 -1.4700944e-16
vn 0.40169894 -0.91577179 1.9733272e-16
vn 0.30901699 0.95105652 -1.4700944e-16
vn 0.40169894 -0.91577179 1.9733272e-16
vn -2.7240742e-14 0.0000000e+0 1.00000000
vn 0.30901699 0.95105652 0.0000000e+0
vn -0.40180168 0.91572671 0.0000000e+0
vn -1.3620371e-14 -1.9803527e-13 1.00000000
vn -1.3620371e-14 -1.9803527e-13 1.00000000
vn -0.30901699 -0.95105652 2.5853054e-17
vn -0.95105652 0.30901699 9.0322525e-17
vn 3.0628230e-13 0.0000000e+0 1.00000000
vn -0.74133696 0.67113300 2.4747393e-17
vn 2.0244439e-13 -1.5082380e-13 1.00000000
vn -0.74133696 0.67113300 2.4747393e-17
vn -0.74133696 0.67113300 2.4747393e-17
vn -0.74133696 0.67113300 2.4747393e-17
vn 2.0244439e-13 -1.5082380e-13 1.00000000
vn 2.0244439e-13 -1.5082380e-13 1.00000000
vn 9.1270047e-14 -1.5082380e-13 1.00000000
vn 0.74129931 -0.67117459 -6.1865066e-17
vn 0.74129931 -0.67117459 -6.1865066e-17
vn 9.1270047e-14 -1.5082380e-13 1.00000000
vn 9.1270047e-14 -1.5082380e-13 1.00000000
vn 2.1281853e-13 0.0000000e+0 -1.00000000
vn -0.74133696 0.67113300 0.0000000e+0
vn 2.1281853e-13 0.0000000e+0 -1.00000000
vn 2.1281853e-13 0.0000000e+0 -1.00000000
vn -0.74133696 0.67113300 0.0000000e+0
vn 0.74129931 -0.67117459 5.6582549e-17
vn 0.74129931 -0.67117459 5.6582549e-17
vn 5.0714739e-14 0.0000000e+0 -1.00000000
vn 5.0714739e-14 0.0000000e+0 -1.00000000
vn 5.0714739e-14 0.0000000e+0 -1.00000000
vn 0.74129931 -0.67117459 5.6582549e-17
vn 0.74129931 -0.67117459 5.6582549e-17
vn 0.97017336 4.7383490e-3 -0.24236583
vn 0.24152574 6.6528767e-2 0.96811117
vn 2.0711549e-2 -0.99777326 6.3400004e-2
vn 0.97017336 4.7383490e-3 -0.24236583
vn 0.97017336 4.7383490e-3 -0.24236583
vn -2.0711549e-2 0.99777326 -6.3400004e-2
vn 0.15245132 0.76541713 0.62521613
vn -2.0711549e-2 0.99777326 -6.3400004e-2
vn -0.15243297 -0.76547981 -0.62514386
vn 0.97017336 4.7383490e-3 -0.24236583
vn -0.15243297 -0.76547981 -0.62514386
vn -2.0711549e-2 0.99777326 -6.3400004e-2
vn -0.24152574 -6.6528767e-2 -0.96811117
vn 2.0711549e-2 -0.99777326 6.3400004e-2
vn 0.97017336 4.7383490e-3 -0.24236583
vn 0.97017336 4.7383490e-3 -0.24236583
vn -0.24152574 -6.6528767e-2 -0.96811117
vn 2.0711549e-2 -0.99777326 6.3400004e-2
vn 2.0711549e-2 -0.99777326 6.3400004e-2
vn -0.97017336 -4.7383490e-3 0.24236583
vn 0.24152574 6.6528767e-2 0.96811117
vn 0.24152574 6.6528767e-2 0.96811117
vn 2.0711549e-2 -0.99777326 6.3400004e-2
vn -2.0711549e-2 0.99777326 -6.3400004e-2
vn 0.15245132 0.76541713 0.62521613
vn -2.0711549e-2 0.99777326 -6.3400004e-2
vn 0.15245132 0.76541713 0.62521613
vn -0.97017336 -4.7383490e-3 0.24236583
vn -0.97017336 -4.7383490e-3 0.24236583
vn -2.0711549e-2 0.99777326 -6.3400004e-2
vn -0.15243297 -0.76547981 -0.62514386
vn -0.97017336 -4.7383490e-3 0.24236583
vn 2.0711549e-2 -0.99777326 6.3400004e-2
vn -0.97017336 -4.7383490e-3 0.24236583
vn -0.24152574 -6.6528767e-2 -0.96811117
vn -0.97017336 -4.7383490e-3 0.24236583
vn -0.21409840 -0.45215832 -0.86586069
vn -0.21409840 -0.45215832 -0.86586069
vn -0.21409840 -0.45215832 -0.86586069
vn -0.21409840 -0.45215832 -0.86586069
vn -0.97017336 -4.7383490e-3 0.24236583
vn -0.97017336 -4.7383490e-3 0.24236583
vn -0.97017336 -4.7383490e-3 0.24236583
vn -0.97017336 -4.7383490e-3 0.24236583
vn 0.21410394 0.45211488 0.86588200
vn 0.21410394 0.45211488 0.86588200
vn -0.97017336 -4.7383490e-3 0.24236583
vn -0.97017336 -4.7383490e-3 0.24236583
vn 0.97017336 4.7383490e-3 -0.24236583
vn -0.21409840 -0.45215832 -0.86586069
vn 0.97017336 4.7383490e-3 -0.24236583
vn 0.97017336 4.7383490e-3 -0.24236583
vn -0.21409840 -0.45215832 -0.86586069
vn 0.97017336 4.7383490e-3 -0.24236583
vn 0.21410394 0.45211488 0.86588200
vn 0.21410394 0.45211488 0.86588200
vn 0.97017336 4.7383490e-3 -0.24236583
vn 0.97017336 4.7383490e-3 -0.24236583
vn 0.21410394 0.45211488 0.86588200
vn 0.21410394 0.45211488 0.86588200
vn 0.97017336 4.7383490e-3 -0.24236583
vn 0.97017336 4.7383490e-3 -0.24236583
vn 0.20757237 -0.53265350 0.82048398
vn -0.12520927 -0.84632015 -0.51774979
vn 0.97017336 4.7383490e-3 -0.24236583
vn 0.12520927 0.84632015 0.51774979
vn 5.7843938e-2 -0.97545301 0.21247471
vn 0.12520927 0.84632015 0.51774979
vn -5.7874020e-2 0.97542487 -0.21259568
vn 0.97017336 4.7383490e-3 -0.24236583
vn 0.97017336 4.7383490e-3 -0.24236583
vn -5.7874020e-2 0.97542487 -0.21259568
vn 0.12520927 0.84632015 0.51774979
vn 0.97017336 4.7383490e-3 -0.24236583
vn -0.20757237 0.53265350 -0.82048398
vn -0.12520927 -0.84632015 -0.51774979
vn -0.20757237 0.53265350 -0.82048398
vn -0.12520927 -0.84632015 -0.51774979
vn -0.12520927 -0.84632015 -0.51774979
vn -0.97017336 -4.7383490e-3 0.24236583
vn 0.20757237 -0.53265350 0.82048398
vn 0.20757237 -0.53265350 0.82048398
vn -0.97017336 -4.7383490e-3 0.24236583
vn -0.12520927 -0.84632015 -0.51774979
vn 0.12520927 0.84632015 0.51774979
vn 5.7843938e-2 -0.97545301 0.21247471
vn 0.12520927 0.84632015 0.51774979
vn 5.7843938e-2 -0.97545301 0.21247471
vn -0.97017336 -4.7383490e-3 0.24236583
vn 0.12520927 0.84632015 0.51774979
vn -5.7874020e-2 0.97542487 -0.21259568
vn -0.97017336 -4.7383490e-3 0.24236583
vn -0.97017336 -4.7383490e-3 0.24236583
vn -0.12520927 -0.84632015 -0.51774979
vn -0.20757237 0.53265350 -0.82048398
vn -0.97017336 -4.7383490e-3 0.24236583
vn -0.14370481 0.81642895 -0.55927872
vn -0.97017336 -4.7383490e-3 0.24236583
vn -0.14370481 0.81642895 -0.55927872
vn -0.14370481 0.81642895 -0.55927872
vn -0.14370481 0.81642895 -0.55927872
vn -0.97017336 -4.7383490e-3 0.24236583
vn -0.97017336 -4.7383490e-3 0.24236583
vn -0.97017336 -4.7383490e-3 0.24236583
vn 0.14369234 -0.81646585 0.55922807
vn 0.14369234 -0.81646585 0.55922807
vn -0.97017336 -4.7383490e-3 0.24236583
vn -0.97017336 -4.7383490e-3 0.24236583
vn 0.97017336 4.7383490e-3 -0.24236583
vn -0.14370481 0.81642895 -0.55927872
vn 0.97017336 4.7383490e-3 -0.24236583
vn 0.97017336 4.7383490e-3 -0.24236583
vn -0.14370481 0.81642895 -0.55927872
vn 0.14369234 -0.81646585 0.55922807
vn 0.14369234 -0.81646585 0.55922807
vn 0.97017336 4.7383490e-3 -0.24236583
vn 0.97017336 4.7383490e-3 -0.24236583
vn 0.97017336 4.7383490e-3 -0.24236583
vn 0.14369234 -0.81646585 0.55922807
vn 0.14369234 -0.81646585 0.55922807
vn -0.57730041 -0.16434746 0.79982132
vn 0.32666427 -0.94421726 4.1763967e-2
vn -0.74834129 -0.28538340 -0.59878346
vn -0.57730041 -0.16434746 0.79982132
vn -0.32666427 0.94421726 -4.1763967e-2
vn -0.74834129 -0.28538340 -0.59878346
vn -0.57730041 -0.16434746 0.79982132
vn -0.32666427 0.94421726 -4.1763967e-2
vn -0.74834129 -0.28538340 -0.59878346
vn -0.57730041 -0.16434746 0.79982132
vn 0.74834129 0.28538340 0.59878346
vn -0.32666427 0.94421726 -4.1763967e-2
vn -0.57730041 -0.16434746 0.79982132
vn 0.74834129 0.28538340 0.59878346
vn 0.32666427 -0.94421726 4.1763967e-2
vn -0.57730041 -0.16434746 0.79982132
vn 0.74834129 0.28538340 0.59878346
vn 0.32666427 -0.94421726 4.1763967e-2
vn 0.32666427 -0.94421726 4.1763967e-2
vn 0.57730041 0.16434746 -0.79982132
vn -0.74834129 -0.28538340 -0.59878346
vn 0.57730041 0.16434746 -0.79982132
vn 0.32666427 -0.94421726 4.1763967e-2
vn -0.74834129 -0.28538340 -0.59878346
vn -0.32666427 0.94421726 -4.1763967e-2
vn -0.74834129 -0.28538340 -0.59878346
vn 0.57730041 0.16434746 -0.79982132
vn 0.74834129 0.28538340 0.59878346
vn -0.32666427 0.94421726 -4.1763967e-2
vn 0.57730041 0.16434746 -0.79982132
vn 0.74834129 0.28538340 0.59878346
vn 0.57730041 0.16434746 -0.79982132
vn -0.32666427 0.94421726 -4.1763967e-2
vn 0.74834129 0.28538340 0.59878346
vn 0.32666427 -0.94421726 4.1763967e-2
vn 0.57730041 0.16434746 -0.79982132
vn -0.81468158 0.18183768 -0.55066231
vn 0.34659979 -0.60862160 -0.71375650
vn 0.46493280 0.77234371 -0.43280790
vn -0.81468158 0.18183768 -0.55066231
vn -0.34659979 0.60862160 0.71375650
vn 0.46493280 0.77234371 -0.43280790
vn -0.81468158 0.18183768 -0.55066231
vn -0.34659979 0.60862160 0.71375650
vn 0.46493280 0.77234371 -0.43280790
vn -0.81468158 0.18183768 -0.55066231
vn -0.46493280 -0.77234371 0.43280790
vn -0.34659979 0.60862160 0.71375650
vn -0.81468158 0.18183768 -0.55066231
vn -0.46493280 -0.77234371 0.43280790
vn 0.34659979 -0.60862160 -0.71375650
vn -0.81468158 0.18183768 -0.55066231
vn -0.46493280 -0.77234371 0.43280790
vn 0.34659979 -0.60862160 -0.71375650
vn 0.34659979 -0.60862160 -0.71375650
vn 0.81468158 -0.18183768 0.55066231
vn 0.46493280 0.77234371 -0.43280790
vn 0.81468158 -0.18183768 0.55066231
vn 0.34659979 -0.60862160 -0.71375650
vn 0.46493280 0.77234371 -0.43280790
vn -0.34659979 0.60862160 0.71375650
vn 0.46493280 0.77234371 -0.43280790
vn 0.81468158 -0.18183768 0.55066231
vn -0.46493280 -0.77234371 0.43280790
vn -0.34659979 0.60862160 0.71375650
vn 0.81468158 -0.18183768 0.55066231
vn -0.46493280 -0.77234371 0.43280790
vn 0.81468158 -0.18183768 0.55066231
vn -0.34659979 0.60862160 0.71375650
vn -0.46493280 -0.77234371 0.43280790
vn 0.34659979 -0.60862160 -0.71375650
vn 0.81468158 -0.18183768 0.55066231
vn -0.81468158 0.18183768 -0.55066231
vn -0.48074375 -0.74281631 0.46594997
vn 0.32431368 -0.64432832 -0.69257610
vn -0.81468158 0.18183768 -0.55066231
vn 0.48074375 0.74281631 -0.46594997
vn 0.32431368 -0.64432832 -0.69257610
vn -0.81468158 0.18183768 -0.55066231
vn 0.48074375 0.74281631 -0.46594997
vn 0.32431368 -0.64432832 -0.69257610
vn -0.81468158 0.18183768 -0.55066231
vn -0.32431368 0.64432832 0.69257610
vn 0.48074375 0.74281631 -0.46594997
